15_Stock_Market_Stock_Market_15_400.jpg
24
[504, 41, 29, 29, 1.0]
[550, 55, 29, 29, 1.0]
[458, 18, 30, 30, 1.0]
[686, 109, 26, 26, 1.0]
[904, 160, 26, 26, 1.0]
[625, 71, 29, 29, 1.0]
[414, 40, 30, 30, 1.0]
[310, 162, 51, 51, 1.0]
[224, 140, 57, 57, 1.0]
[780, 651, 26, 26, 1.0]
[803, 672, 24, 24, 1.0]
[963, 681, 28, 28, 1.0]
[299, 674, 31, 31, 1.0]
[686, 678, 28, 28, 1.0]
[8, 688, 34, 34, 1.0]
[869, 744, 57, 57, 1.0]
[209, 765, 68, 68, 1.0]
[453, 767, 58, 58, 1.0]
[115, 761, 87, 87, 1.0]
[587, 788, 67, 67, 1.0]
[615, 780, 77, 77, 1.0]
[396, 825, 89, 89, 1.0]
[656, 886, 111, 111, 1.0]
[5, 1214, 61, 61, 1.0]
