40_Gymnastics_Gymnastics_40_639.jpg
32
[703, 123, 34, 34, 1.0]
[747, 129, 33, 33, 1.0]
[625, 105, 44, 44, 1.0]
[429, 126, 35, 35, 1.0]
[554, 127, 36, 36, 1.0]
[346, 114, 37, 37, 1.0]
[793, 168, 43, 43, 1.0]
[273, 145, 35, 35, 1.0]
[543, 208, 36, 36, 1.0]
[301, 176, 37, 37, 1.0]
[222, 182, 46, 46, 1.0]
[881, 176, 41, 41, 1.0]
[831, 184, 52, 52, 1.0]
[262, 243, 39, 39, 1.0]
[107, 194, 53, 53, 1.0]
[409, 211, 40, 40, 1.0]
[924, 197, 49, 49, 1.0]
[337, 212, 41, 41, 1.0]
[670, 170, 46, 46, 1.0]
[175, 228, 38, 38, 1.0]
[634, 216, 48, 48, 1.0]
[741, 176, 46, 46, 1.0]
[938, 383, 43, 43, 1.0]
[48, 364, 50, 50, 1.0]
[732, 387, 46, 46, 1.0]
[826, 365, 55, 55, 1.0]
[122, 374, 49, 49, 1.0]
[295, 375, 50, 50, 1.0]
[647, 376, 53, 53, 1.0]
[390, 389, 48, 48, 1.0]
[555, 382, 50, 50, 1.0]
[211, 394, 49, 49, 1.0]
