40_Gymnastics_Gymnastics_40_22.jpg
40
[733, 541, 26, 26, 1.0]
[54, 555, 24, 24, 1.0]
[858, 648, 24, 24, 1.0]
[14, 603, 24, 24, 1.0]
[877, 691, 28, 28, 1.0]
[468, 693, 25, 25, 1.0]
[4, 642, 26, 26, 1.0]
[408, 643, 26, 26, 1.0]
[132, 718, 27, 27, 1.0]
[754, 723, 26, 26, 1.0]
[286, 724, 28, 28, 1.0]
[711, 776, 26, 26, 1.0]
[960, 742, 27, 27, 1.0]
[359, 779, 30, 30, 1.0]
[810, 778, 27, 27, 1.0]
[739, 748, 29, 29, 1.0]
[970, 783, 26, 26, 1.0]
[69, 749, 28, 28, 1.0]
[136, 756, 27, 27, 1.0]
[180, 796, 30, 30, 1.0]
[414, 797, 26, 26, 1.0]
[833, 800, 31, 31, 1.0]
[266, 803, 30, 30, 1.0]
[0, 837, 27, 27, 1.0]
[728, 838, 29, 29, 1.0]
[896, 851, 27, 27, 1.0]
[812, 867, 28, 28, 1.0]
[346, 828, 32, 32, 1.0]
[189, 877, 29, 29, 1.0]
[738, 886, 38, 38, 1.0]
[147, 916, 32, 32, 1.0]
[403, 916, 29, 29, 1.0]
[228, 922, 31, 31, 1.0]
[250, 892, 28, 28, 1.0]
[190, 964, 32, 32, 1.0]
[848, 898, 33, 33, 1.0]
[325, 935, 30, 30, 1.0]
[955, 947, 33, 33, 1.0]
[385, 962, 37, 37, 1.0]
[97, 936, 41, 41, 1.0]
