40_Gymnastics_Gymnastics_40_333.jpg
33
[105, 161, 50, 50, 1.0]
[828, 162, 49, 49, 1.0]
[19, 190, 30, 30, 1.0]
[616, 182, 44, 44, 1.0]
[490, 166, 43, 43, 1.0]
[335, 172, 47, 47, 1.0]
[388, 278, 27, 27, 1.0]
[201, 232, 40, 40, 1.0]
[754, 229, 47, 47, 1.0]
[287, 241, 41, 41, 1.0]
[559, 238, 50, 50, 1.0]
[677, 240, 49, 49, 1.0]
[466, 219, 47, 47, 1.0]
[376, 244, 50, 50, 1.0]
[160, 291, 52, 52, 1.0]
[263, 312, 49, 49, 1.0]
[425, 315, 49, 49, 1.0]
[350, 318, 47, 47, 1.0]
[598, 328, 47, 47, 1.0]
[867, 330, 45, 45, 1.0]
[507, 322, 47, 47, 1.0]
[684, 332, 48, 48, 1.0]
[777, 327, 51, 51, 1.0]
[124, 396, 50, 50, 1.0]
[394, 416, 48, 48, 1.0]
[821, 407, 45, 45, 1.0]
[732, 401, 45, 45, 1.0]
[311, 405, 46, 46, 1.0]
[631, 402, 49, 49, 1.0]
[908, 402, 50, 50, 1.0]
[478, 429, 47, 47, 1.0]
[223, 406, 50, 50, 1.0]
[551, 418, 53, 53, 1.0]
