40_Gymnastics_Gymnastics_40_419.jpg
39
[307, 87, 26, 26, 1.0]
[679, 24, 28, 28, 1.0]
[212, 138, 27, 27, 1.0]
[866, 119, 27, 27, 1.0]
[224, 76, 26, 26, 1.0]
[626, 34, 26, 26, 1.0]
[807, 58, 26, 26, 1.0]
[789, 38, 26, 26, 1.0]
[696, 102, 27, 27, 1.0]
[744, 103, 29, 29, 1.0]
[821, 184, 28, 28, 1.0]
[885, 188, 27, 27, 1.0]
[938, 196, 26, 26, 1.0]
[466, 240, 26, 26, 1.0]
[838, 269, 28, 28, 1.0]
[273, 281, 26, 26, 1.0]
[417, 209, 31, 31, 1.0]
[607, 281, 29, 29, 1.0]
[780, 257, 28, 28, 1.0]
[905, 258, 30, 30, 1.0]
[300, 291, 28, 28, 1.0]
[374, 295, 26, 26, 1.0]
[418, 306, 25, 25, 1.0]
[630, 318, 31, 31, 1.0]
[924, 231, 70, 70, 1.0]
[775, 325, 30, 30, 1.0]
[739, 331, 28, 28, 1.0]
[696, 339, 31, 31, 1.0]
[964, 344, 29, 29, 1.0]
[693, 373, 32, 32, 1.0]
[879, 372, 32, 32, 1.0]
[229, 376, 34, 34, 1.0]
[351, 370, 36, 36, 1.0]
[136, 383, 43, 43, 1.0]
[762, 397, 32, 32, 1.0]
[947, 429, 32, 32, 1.0]
[334, 378, 65, 65, 1.0]
[136, 399, 70, 70, 1.0]
[300, 407, 111, 111, 1.0]
