40_Gymnastics_Gymnastics_40_891.jpg
26
251 278 46 46 1.0
663 281 39 39 1.0
374 288 41 41 1.0
316 296 36 36 1.0
118 298 41 41 1.0
445 303 36 36 1.0
517 304 37 37 1.0
316 90 61 61 1.0
66 305 41 41 1.0
574 321 37 37 1.0
838 351 29 29 1.0
180 311 38 38 1.0
754 334 35 35 1.0
473 386 35 35 1.0
541 380 39 39 1.0
452 477 37 37 1.0
600 487 37 37 1.0
670 395 39 39 1.0
668 486 44 44 1.0
729 498 45 45 1.0
515 480 38 38 1.0
377 478 47 47 1.0
757 413 35 35 1.0
600 393 39 39 1.0
867 354 37 37 1.0
913 361 40 40 1.0
