40_Gymnastics_Gymnastics_40_984.jpg
60
[428, 53, 26, 26, 1.0]
[735, 51, 27, 27, 1.0]
[330, 133, 26, 26, 1.0]
[296, 7, 26, 26, 1.0]
[886, 82, 27, 27, 1.0]
[188, 8, 26, 26, 1.0]
[992, 33, 27, 27, 1.0]
[172, 185, 27, 27, 1.0]
[66, 16, 27, 27, 1.0]
[239, 189, 26, 26, 1.0]
[807, 99, 26, 26, 1.0]
[204, 127, 27, 27, 1.0]
[537, 46, 26, 26, 1.0]
[284, 149, 32, 32, 1.0]
[793, 153, 26, 26, 1.0]
[877, 153, 27, 27, 1.0]
[76, 137, 26, 26, 1.0]
[992, 140, 28, 28, 1.0]
[166, 37, 32, 32, 1.0]
[878, 210, 30, 30, 1.0]
[779, 238, 26, 26, 1.0]
[120, 249, 27, 27, 1.0]
[633, 226, 25, 25, 1.0]
[784, 291, 25, 25, 1.0]
[662, 296, 24, 24, 1.0]
[157, 312, 26, 26, 1.0]
[94, 300, 26, 26, 1.0]
[216, 300, 28, 28, 1.0]
[999, 337, 24, 24, 1.0]
[949, 286, 31, 31, 1.0]
[906, 353, 27, 27, 1.0]
[191, 356, 28, 28, 1.0]
[696, 355, 28, 28, 1.0]
[842, 355, 27, 27, 1.0]
[771, 357, 27, 27, 1.0]
[46, 372, 26, 26, 1.0]
[84, 336, 37, 37, 1.0]
[754, 261, 65, 65, 1.0]
[814, 406, 28, 28, 1.0]
[661, 409, 28, 28, 1.0]
[742, 411, 26, 26, 1.0]
[139, 428, 26, 26, 1.0]
[941, 460, 28, 28, 1.0]
[859, 469, 27, 27, 1.0]
[88, 478, 29, 29, 1.0]
[193, 421, 31, 31, 1.0]
[366, 550, 27, 27, 1.0]
[32, 558, 26, 26, 1.0]
[288, 556, 28, 28, 1.0]
[728, 543, 33, 33, 1.0]
[940, 597, 31, 31, 1.0]
[813, 599, 29, 29, 1.0]
[306, 607, 31, 31, 1.0]
[345, 624, 30, 30, 1.0]
[369, 464, 83, 83, 1.0]
[97, 632, 28, 28, 1.0]
[149, 631, 26, 26, 1.0]
[31, 636, 28, 28, 1.0]
[215, 638, 26, 26, 1.0]
[576, 614, 30, 30, 1.0]
