40_Gymnastics_Gymnastics_40_774.jpg
25
[714, 142, 34, 34, 1.0]
[341, 11, 31, 31, 1.0]
[238, 295, 34, 34, 1.0]
[172, 256, 34, 34, 1.0]
[777, 319, 34, 34, 1.0]
[218, 143, 35, 35, 1.0]
[979, 296, 38, 38, 1.0]
[279, 226, 37, 37, 1.0]
[370, 2, 62, 62, 1.0]
[413, 233, 54, 54, 1.0]
[357, 447, 34, 34, 1.0]
[540, 451, 35, 35, 1.0]
[917, 715, 50, 50, 1.0]
[65, 737, 46, 46, 1.0]
[291, 718, 51, 51, 1.0]
[812, 816, 44, 44, 1.0]
[49, 787, 50, 50, 1.0]
[324, 895, 44, 44, 1.0]
[685, 815, 36, 36, 1.0]
[704, 921, 43, 43, 1.0]
[205, 838, 39, 39, 1.0]
[828, 940, 42, 42, 1.0]
[214, 886, 48, 48, 1.0]
[250, 828, 58, 58, 1.0]
[12, 893, 149, 149, 1.0]
