40_Gymnastics_Gymnastics_40_487.jpg
32
[937, 888, 28, 28, 1.0]
[954, 918, 32, 32, 1.0]
[802, 960, 28, 28, 1.0]
[723, 905, 27, 27, 1.0]
[858, 969, 28, 28, 1.0]
[107, 952, 28, 28, 1.0]
[834, 916, 28, 28, 1.0]
[938, 1005, 28, 28, 1.0]
[852, 994, 30, 30, 1.0]
[28, 1042, 25, 25, 1.0]
[715, 1003, 28, 28, 1.0]
[85, 1040, 27, 27, 1.0]
[814, 1042, 27, 27, 1.0]
[987, 1070, 32, 32, 1.0]
[408, 1052, 26, 26, 1.0]
[123, 1122, 30, 30, 1.0]
[191, 1112, 29, 29, 1.0]
[59, 1125, 28, 28, 1.0]
[863, 1140, 34, 34, 1.0]
[699, 1152, 32, 32, 1.0]
[254, 1118, 32, 32, 1.0]
[742, 1075, 32, 32, 1.0]
[196, 1162, 31, 31, 1.0]
[938, 1163, 34, 34, 1.0]
[786, 1169, 32, 32, 1.0]
[552, 1179, 31, 31, 1.0]
[996, 1242, 26, 26, 1.0]
[887, 1183, 40, 40, 1.0]
[111, 1196, 37, 37, 1.0]
[234, 946, 146, 146, 1.0]
[378, 1084, 75, 75, 1.0]
[646, 1048, 124, 124, 1.0]
