40_Gymnastics_Gymnastics_40_459.jpg
20
[144, 56, 47, 47, 1.0]
[625, 40, 51, 51, 1.0]
[313, 31, 52, 52, 1.0]
[515, 34, 53, 53, 1.0]
[725, 49, 46, 46, 1.0]
[227, 47, 53, 53, 1.0]
[933, 62, 52, 52, 1.0]
[818, 58, 53, 53, 1.0]
[412, 24, 53, 53, 1.0]
[51, 59, 56, 56, 1.0]
[561, 147, 49, 49, 1.0]
[458, 147, 52, 52, 1.0]
[353, 155, 51, 51, 1.0]
[767, 160, 51, 51, 1.0]
[665, 156, 54, 54, 1.0]
[260, 179, 49, 49, 1.0]
[172, 184, 50, 50, 1.0]
[859, 197, 50, 50, 1.0]
[91, 217, 52, 52, 1.0]
[765, 381, 30, 30, 1.0]
