40_Gymnastics_Gymnastics_40_520.jpg
66
[74, 310, 33, 33, 1.0]
[159, 340, 27, 27, 1.0]
[889, 342, 29, 29, 1.0]
[374, 344, 26, 26, 1.0]
[706, 368, 28, 28, 1.0]
[485, 344, 29, 29, 1.0]
[757, 373, 27, 27, 1.0]
[326, 349, 28, 28, 1.0]
[424, 347, 31, 31, 1.0]
[194, 376, 27, 27, 1.0]
[536, 350, 28, 28, 1.0]
[229, 374, 29, 29, 1.0]
[587, 354, 29, 29, 1.0]
[801, 380, 26, 26, 1.0]
[834, 379, 26, 26, 1.0]
[62, 387, 30, 30, 1.0]
[153, 392, 27, 27, 1.0]
[282, 357, 27, 27, 1.0]
[868, 398, 29, 29, 1.0]
[115, 398, 29, 29, 1.0]
[917, 401, 27, 27, 1.0]
[361, 415, 28, 28, 1.0]
[530, 413, 29, 29, 1.0]
[583, 416, 27, 27, 1.0]
[420, 403, 29, 29, 1.0]
[474, 404, 29, 29, 1.0]
[261, 419, 27, 27, 1.0]
[306, 421, 28, 28, 1.0]
[180, 440, 29, 29, 1.0]
[633, 423, 28, 28, 1.0]
[856, 447, 30, 30, 1.0]
[807, 450, 29, 29, 1.0]
[219, 430, 26, 26, 1.0]
[685, 431, 28, 28, 1.0]
[750, 438, 28, 28, 1.0]
[288, 503, 30, 30, 1.0]
[425, 505, 30, 30, 1.0]
[126, 518, 28, 28, 1.0]
[661, 519, 26, 26, 1.0]
[177, 521, 29, 29, 1.0]
[231, 518, 29, 29, 1.0]
[714, 524, 28, 28, 1.0]
[362, 511, 27, 27, 1.0]
[603, 526, 29, 29, 1.0]
[490, 514, 27, 27, 1.0]
[543, 514, 29, 29, 1.0]
[72, 532, 27, 27, 1.0]
[770, 532, 28, 28, 1.0]
[882, 533, 29, 29, 1.0]
[935, 533, 28, 28, 1.0]
[823, 536, 27, 27, 1.0]
[521, 367, 75, 75, 1.0]
[495, 581, 29, 29, 1.0]
[153, 585, 26, 26, 1.0]
[350, 586, 29, 29, 1.0]
[661, 585, 31, 31, 1.0]
[301, 586, 28, 28, 1.0]
[227, 588, 29, 29, 1.0]
[582, 588, 29, 29, 1.0]
[865, 589, 27, 27, 1.0]
[728, 589, 29, 29, 1.0]
[789, 588, 28, 28, 1.0]
[407, 587, 66, 66, 1.0]
[641, 593, 66, 66, 1.0]
[476, 584, 66, 66, 1.0]
[277, 586, 68, 68, 1.0]
