40_Gymnastics_Gymnastics_40_140.jpg
20
[476, 142, 62, 62, 1.0]
[182, 165, 56, 56, 1.0]
[674, 152, 59, 59, 1.0]
[577, 162, 57, 57, 1.0]
[278, 178, 58, 58, 1.0]
[773, 189, 61, 61, 1.0]
[838, 180, 60, 60, 1.0]
[899, 154, 59, 59, 1.0]
[90, 169, 58, 58, 1.0]
[383, 173, 60, 60, 1.0]
[152, 287, 59, 59, 1.0]
[40, 294, 61, 61, 1.0]
[673, 261, 63, 63, 1.0]
[775, 272, 61, 61, 1.0]
[260, 308, 61, 61, 1.0]
[355, 387, 66, 66, 1.0]
[474, 388, 65, 65, 1.0]
[701, 415, 71, 71, 1.0]
[588, 409, 72, 72, 1.0]
[619, 670, 61, 61, 1.0]
