40_Gymnastics_Gymnastics_40_707.jpg
23
[704, 118, 83, 83, 1.0]
[665, 247, 69, 69, 1.0]
[488, 320, 58, 58, 1.0]
[612, 287, 61, 61, 1.0]
[272, 292, 60, 60, 1.0]
[573, 350, 60, 60, 1.0]
[237, 345, 64, 64, 1.0]
[656, 347, 67, 67, 1.0]
[714, 294, 65, 65, 1.0]
[326, 340, 61, 61, 1.0]
[458, 400, 61, 61, 1.0]
[747, 357, 68, 68, 1.0]
[271, 442, 66, 66, 1.0]
[483, 461, 67, 67, 1.0]
[412, 463, 63, 63, 1.0]
[776, 463, 104, 104, 1.0]
[32, 462, 87, 87, 1.0]
[174, 471, 72, 72, 1.0]
[650, 503, 74, 74, 1.0]
[575, 485, 60, 60, 1.0]
[573, 545, 70, 70, 1.0]
[360, 523, 71, 71, 1.0]
[445, 594, 69, 69, 1.0]
