40_Gymnastics_Gymnastics_40_118.jpg
27
[488, 63, 52, 52, 1.0]
[644, 84, 53, 53, 1.0]
[399, 68, 50, 50, 1.0]
[572, 70, 52, 52, 1.0]
[163, 76, 52, 52, 1.0]
[316, 78, 52, 52, 1.0]
[234, 82, 48, 48, 1.0]
[907, 120, 54, 54, 1.0]
[723, 92, 48, 48, 1.0]
[61, 97, 56, 56, 1.0]
[823, 103, 57, 57, 1.0]
[523, 175, 53, 53, 1.0]
[439, 175, 52, 52, 1.0]
[614, 173, 59, 59, 1.0]
[345, 179, 52, 52, 1.0]
[710, 193, 58, 58, 1.0]
[247, 188, 46, 46, 1.0]
[149, 189, 57, 57, 1.0]
[790, 206, 51, 51, 1.0]
[72, 209, 58, 58, 1.0]
[863, 226, 68, 68, 1.0]
[422, 242, 58, 58, 1.0]
[322, 262, 62, 62, 1.0]
[773, 185, 93, 93, 1.0]
[634, 285, 58, 58, 1.0]
[522, 278, 56, 56, 1.0]
[309, 323, 84, 84, 1.0]
