40_Gymnastics_Gymnastics_40_84.jpg
21
[515, 126, 53, 53, 1.0]
[462, 216, 42, 42, 1.0]
[296, 141, 48, 48, 1.0]
[717, 173, 47, 47, 1.0]
[366, 181, 51, 51, 1.0]
[654, 236, 47, 47, 1.0]
[266, 187, 46, 46, 1.0]
[572, 243, 42, 42, 1.0]
[606, 158, 43, 43, 1.0]
[628, 196, 46, 46, 1.0]
[743, 220, 51, 51, 1.0]
[402, 146, 55, 55, 1.0]
[414, 253, 51, 51, 1.0]
[324, 222, 57, 57, 1.0]
[464, 162, 46, 46, 1.0]
[815, 158, 52, 52, 1.0]
[160, 171, 54, 54, 1.0]
[249, 237, 56, 56, 1.0]
[571, 268, 44, 44, 1.0]
[379, 415, 61, 61, 1.0]
[672, 441, 47, 47, 1.0]
