12_Group_Team_Organized_Group_12_Group_Team_Organized_Group_12_503.jpg
31
228 44 31 31 1.0
486 25 33 33 1.0
745 64 32 32 1.0
555 38 37 37 1.0
297 55 35 35 1.0
881 69 32 32 1.0
432 42 33 33 1.0
366 44 35 35 1.0
408 75 41 41 1.0
622 52 37 37 1.0
649 78 43 43 1.0
486 70 45 45 1.0
570 77 43 43 1.0
327 88 43 43 1.0
264 105 40 40 1.0
794 90 46 46 1.0
183 93 50 50 1.0
718 98 43 43 1.0
878 113 41 41 1.0
90 100 48 48 1.0
100 149 31 31 1.0
131 171 48 48 1.0
20 178 55 55 1.0
533 178 59 59 1.0
422 186 50 50 1.0
236 194 47 47 1.0
862 197 49 49 1.0
644 207 40 40 1.0
947 202 50 50 1.0
749 198 53 53 1.0
645 236 35 35 1.0
