12_Group_Team_Organized_Group_12_Group_Team_Organized_Group_12_778.jpg
61
208 50 27 27 1.0
464 66 27 27 1.0
536 66 27 27 1.0
640 79 25 25 1.0
703 53 28 28 1.0
803 77 27 27 1.0
387 68 26 26 1.0
343 55 26 26 1.0
369 82 29 29 1.0
740 67 27 27 1.0
432 83 29 29 1.0
410 56 26 26 1.0
577 58 26 26 1.0
315 74 27 27 1.0
495 87 30 30 1.0
509 59 27 27 1.0
714 88 28 28 1.0
686 74 27 27 1.0
620 90 26 26 1.0
659 90 28 28 1.0
250 77 26 26 1.0
227 97 27 27 1.0
744 92 27 27 1.0
786 92 26 26 1.0
579 100 29 29 1.0
829 98 29 29 1.0
293 101 26 26 1.0
762 117 29 29 1.0
715 120 29 29 1.0
689 120 28 28 1.0
844 131 30 30 1.0
874 133 28 28 1.0
900 139 30 30 1.0
818 141 28 28 1.0
927 148 38 38 1.0
886 165 33 33 1.0
845 191 32 32 1.0
176 212 28 28 1.0
231 222 28 28 1.0
491 224 28 28 1.0
273 227 28 28 1.0
381 227 28 28 1.0
438 227 28 28 1.0
552 228 28 28 1.0
610 229 27 27 1.0
326 227 27 27 1.0
650 229 27 27 1.0
224 280 30 30 1.0
57 282 30 30 1.0
103 280 37 37 1.0
168 284 31 31 1.0
341 290 29 29 1.0
285 292 29 29 1.0
513 294 30 30 1.0
465 296 29 29 1.0
583 300 31 31 1.0
642 300 32 32 1.0
779 302 32 32 1.0
705 303 33 33 1.0
401 309 30 30 1.0
684 328 60 60 1.0
