12_Group_Group_12_Group_Group_12_268.jpg
28
404 19 55 55 1.0
706 225 29 29 1.0
694 190 44 44 1.0
301 241 40 40 1.0
483 192 45 45 1.0
890 211 44 44 1.0
803 224 38 38 1.0
754 210 43 43 1.0
145 261 44 44 1.0
846 227 49 49 1.0
908 323 40 40 1.0
103 244 46 46 1.0
564 223 47 47 1.0
214 209 43 43 1.0
362 204 47 47 1.0
619 217 49 49 1.0
437 215 49 49 1.0
450 323 52 52 1.0
701 247 75 75 1.0
805 392 49 49 1.0
239 349 49 49 1.0
698 383 50 50 1.0
577 361 54 54 1.0
334 354 56 56 1.0
152 346 50 50 1.0
359 352 104 104 1.0
222 480 91 91 1.0
224 421 90 90 1.0
