12_Group_Group_12_Group_Group_12_935.jpg
92
364 0 25 25 1.0
454 1 26 26 1.0
93 86 26 26 1.0
901 60 26 26 1.0
32 89 25 25 1.0
718 130 26 26 1.0
66 155 27 27 1.0
944 112 26 26 1.0
667 89 25 25 1.0
995 89 26 26 1.0
423 115 26 26 1.0
10 158 27 27 1.0
653 115 26 26 1.0
878 117 26 26 1.0
363 117 26 26 1.0
819 92 28 28 1.0
770 128 25 25 1.0
0 156 29 29 1.0
526 120 29 29 1.0
107 185 24 24 1.0
512 185 26 26 1.0
687 188 25 25 1.0
635 190 27 27 1.0
52 191 26 26 1.0
757 178 28 28 1.0
566 220 26 26 1.0
617 220 26 26 1.0
988 245 25 25 1.0
738 257 27 27 1.0
979 242 32 32 1.0
134 279 28 28 1.0
198 287 28 28 1.0
223 346 26 26 1.0
33 352 26 26 1.0
150 350 28 28 1.0
350 352 27 27 1.0
409 350 28 28 1.0
831 351 26 26 1.0
97 355 27 27 1.0
530 356 26 26 1.0
888 319 26 26 1.0
949 319 26 26 1.0
939 376 26 26 1.0
758 377 29 29 1.0
401 382 28 28 1.0
274 385 26 26 1.0
575 392 27 27 1.0
596 348 26 26 1.0
36 392 30 30 1.0
282 347 28 28 1.0
441 408 24 24 1.0
354 316 31 31 1.0
560 422 26 26 1.0
759 420 28 28 1.0
319 425 25 25 1.0
939 424 28 28 1.0
618 426 27 27 1.0
818 430 26 26 1.0
805 454 28 28 1.0
870 462 27 27 1.0
540 487 27 27 1.0
432 493 26 26 1.0
606 492 29 29 1.0
220 524 28 28 1.0
530 527 27 27 1.0
459 531 26 26 1.0
597 529 26 26 1.0
163 537 26 26 1.0
464 560 30 30 1.0
216 570 27 27 1.0
84 572 26 26 1.0
902 560 27 27 1.0
645 561 27 27 1.0
16 562 27 27 1.0
780 563 26 26 1.0
153 566 24 24 1.0
247 630 28 28 1.0
696 596 28 28 1.0
141 598 28 28 1.0
74 602 26 26 1.0
199 602 28 28 1.0
830 607 26 26 1.0
19 604 28 28 1.0
580 607 26 26 1.0
946 613 25 25 1.0
891 635 27 27 1.0
121 632 24 24 1.0
439 646 26 26 1.0
804 664 27 27 1.0
170 666 27 27 1.0
752 665 28 28 1.0
604 612 61 61 1.0
