22_Picnic_Picnic_22_743.jpg
46
[662, 142, 30, 30, 1.0]
[116, 180, 27, 27, 1.0]
[366, 186, 33, 33, 1.0]
[225, 190, 29, 29, 1.0]
[417, 191, 33, 33, 1.0]
[557, 192, 28, 28, 1.0]
[91, 214, 30, 30, 1.0]
[335, 214, 35, 35, 1.0]
[756, 195, 28, 28, 1.0]
[173, 223, 31, 31, 1.0]
[479, 224, 28, 28, 1.0]
[636, 198, 26, 26, 1.0]
[250, 242, 29, 29, 1.0]
[851, 228, 26, 26, 1.0]
[312, 200, 26, 26, 1.0]
[604, 245, 29, 29, 1.0]
[627, 244, 28, 28, 1.0]
[714, 245, 31, 31, 1.0]
[810, 205, 27, 27, 1.0]
[800, 229, 28, 28, 1.0]
[455, 211, 25, 25, 1.0]
[135, 210, 28, 28, 1.0]
[832, 250, 27, 27, 1.0]
[511, 210, 39, 39, 1.0]
[2, 228, 35, 35, 1.0]
[158, 292, 38, 38, 1.0]
[386, 299, 30, 30, 1.0]
[37, 298, 46, 46, 1.0]
[692, 304, 36, 36, 1.0]
[842, 306, 36, 36, 1.0]
[938, 308, 38, 38, 1.0]
[83, 310, 34, 34, 1.0]
[486, 310, 36, 36, 1.0]
[299, 310, 45, 45, 1.0]
[240, 318, 34, 34, 1.0]
[764, 318, 35, 35, 1.0]
[119, 346, 41, 41, 1.0]
[418, 361, 55, 55, 1.0]
[532, 386, 39, 39, 1.0]
[649, 390, 38, 38, 1.0]
[152, 393, 46, 46, 1.0]
[866, 400, 41, 41, 1.0]
[407, 487, 48, 48, 1.0]
[721, 419, 70, 70, 1.0]
[118, 503, 104, 104, 1.0]
[558, 674, 36, 36, 1.0]
