2_Demonstration_Demonstrators_2_456.jpg
6
906 483 76 97
636 425 73 100
460 348 63 81
-9 279 114 129
221 465 57 74
166 210 82 100
19_Couple_Couple_19_139.jpg
2
341 145 179 223
512 130 148 199
13_Interview_Interview_On_Location_13_166.jpg
1
379 76 284 411
14_Traffic_Traffic_14_504.jpg
2
782 249 32 36
351 110 41 56
2_Demonstration_Protesters_2_525.jpg
58
417 515 27 36
659 483 30 39
553 484 27 38
993 459 28 33
848 425 24 32
880 518 33 41
203 380 21 30
296 486 31 38
481 434 27 36
672 322 12 17
578 402 21 28
325 415 22 26
758 457 26 32
761 401 22 26
998 398 23 28
592 343 16 21
388 436 20 27
310 383 20 28
918 477 29 35
918 374 20 25
52 432 26 34
478 397 17 22
714 360 19 25
655 426 26 30
233 486 27 29
833 339 15 20
79 381 18 22
251 370 17 21
764 303 12 15
643 218 12 15
361 305 12 17
988 380 18 20
782 319 13 17
185 337 12 16
339 348 16 18
1005 238 15 20
864 227 12 17
523 395 17 21
367 323 12 15
530 557 28 33
467 328 15 18
780 344 15 17
60 344 16 19
809 228 14 19
447 211 9 11
79 315 12 16
948 349 22 26
848 366 15 20
560 208 10 13
844 396 16 22
318 327 11 14
55 413 18 21
958 234 13 15
946 428 26 30
1 373 19 26
144 339 12 17
243 294 8 11
455 308 10 13
2_Demonstration_Political_Rally_2_90.jpg
2
535 266 52 81
788 381 18 25
12_Group_Team_Organized_Group_12_Group_Team_Organized_Group_12_235.jpg
7
428 579 54 66
53 54 194 259
555 49 340 471
72 970 217 280
202 400 160 209
828 491 113 156
735 998 174 214
0_Parade_Parade_0_72.jpg
8
455 386 25 30
628 365 18 25
665 347 24 38
413 381 13 19
349 469 19 24
255 385 15 18
129 328 36 54
586 604 21 26
13_Interview_Interview_Sequences_13_31.jpg
2
663 257 138 186
193 147 140 182
0_Parade_Parade_0_850.jpg
15
627 291 25 33
189 317 14 17
485 299 21 28
751 304 21 26
365 313 20 23
250 316 18 22
943 287 25 32
153 315 16 19
126 320 12 15
74 319 16 19
35 320 12 15
859 335 13 16
845 295 25 34
545 336 9 12
989 329 10 16
2_Demonstration_Protesters_2_370.jpg
7
42 267 42 52
696 183 60 67
265 235 47 60
501 215 56 77
121 242 41 53
581 240 64 68
570 190 41 43
2_Demonstration_Demonstration_Or_Protest_2_430.jpg
10
106 237 51 68
287 207 56 72
490 134 56 89
349 180 42 60
606 131 44 59
235 214 40 44
858 219 47 59
766 150 40 51
659 111 39 53
853 166 55 71
18_Concerts_Concerts_18_1015.jpg
4
398 633 44 55
155 630 46 54
824 596 42 52
619 623 47 53
13_Interview_Interview_2_People_Visible_13_189.jpg
9
571 185 37 47
676 245 39 53
512 219 45 60
170 212 60 71
813 252 42 54
251 224 43 53
752 242 35 45
915 245 46 55
397 218 43 59
12_Group_Group_12_Group_Group_12_80.jpg
21
183 292 38 48
467 121 34 41
524 101 26 34
538 222 36 44
872 283 30 37
71 142 31 39
931 133 27 35
595 118 27 30
131 113 31 38
282 118 30 37
349 129 29 36
303 303 32 38
221 127 30 36
804 119 28 32
406 104 29 37
651 217 35 45
421 227 32 39
641 119 28 33
837 168 29 37
768 283 32 42
704 125 26 31
17_Ceremony_Ceremony_17_765.jpg
10
90 473 36 57
378 402 17 29
877 299 10 16
398 291 9 12
374 289 8 10
716 287 9 14
669 290 9 14
326 297 7 9
240 306 8 11
81 306 8 11
18_Concerts_Concerts_18_60.jpg
1
502 402 20 30
2_Demonstration_Demonstrators_2_700.jpg
1
250 144 91 117
12_Group_Team_Organized_Group_12_Group_Team_Organized_Group_12_583.jpg
10
571 223 23 27
811 296 60 72
141 43 33 41
534 137 22 27
393 175 21 25
524 278 40 52
253 220 59 68
828 172 29 34
699 143 23 28
663 189 33 39
2_Demonstration_Demonstrators_2_781.jpg
12
254 169 51 68
548 146 53 77
534 211 32 41
463 202 38 50
392 196 22 29
694 221 42 52
921 273 34 39
929 227 25 32
934 266 39 44
534 194 15 20
757 257 20 27
237 130 29 45
10_People_Marching_People_Marching_10_People_Marching_People_Marching_10_People_Marching_People_Marching_10_619.jpg
1
431 461 12 15
2_Demonstration_Political_Rally_2_763.jpg
8
800 246 69 92
743 219 44 52
669 185 55 68
438 200 47 61
287 109 87 108
642 227 31 37
526 152 93 125
251 146 52 68
0_Parade_Parade_0_478.jpg
2
214 378 12 15
842 476 13 16
2_Demonstration_Demonstrators_2_547.jpg
11
684 140 52 72
820 138 43 53
218 140 51 61
482 165 40 47
877 178 34 42
640 161 40 53
0 214 26 35
989 211 25 38
453 205 24 31
934 204 24 33
754 196 37 40
18_Concerts_Concerts_18_855.jpg
2
97 163 66 77
373 100 54 69
2_Demonstration_Demonstration_Or_Protest_2_619.jpg
4
943 224 15 18
412 400 23 27
908 118 12 19
319 292 46 66
19_Couple_Couple_19_548.jpg
2
621 95 160 206
259 130 183 228
19_Couple_Couple_19_910.jpg
3
323 215 326 454
700 293 66 83
952 114 45 47
2_Demonstration_Protesters_2_618.jpg
21
519 166 49 64
241 45 42 55
461 256 59 76
847 253 54 77
601 13 41 55
253 233 51 65
444 190 44 54
322 89 44 59
603 144 52 72
935 160 48 60
147 71 41 54
964 50 39 49
0 18 37 48
705 43 40 55
482 17 39 53
368 165 46 67
820 236 52 63
808 -3 40 44
827 -1 42 57
-6 159 39 64
875 345 22 25
13_Interview_Interview_Sequences_13_691.jpg
1
269 39 391 538
0_Parade_Parade_0_266.jpg
4
955 339 22 27
366 357 22 26
108 396 20 25
28 419 11 14
13_Interview_Interview_On_Location_13_728.jpg
2
16 129 670 857
479 923 323 392
16_Award_Ceremony_Awards_Ceremony_16_270.jpg
2
210 888 80 122
422 147 254 355
2_Demonstration_Demonstration_Or_Protest_2_1.jpg
31
407 242 39 50
225 0 30 39
479 32 33 42
356 255 39 52
606 247 39 55
480 282 40 52
564 233 39 48
350 10 33 39
216 134 32 38
308 512 43 66
517 472 33 42
206 243 43 48
926 265 36 50
227 550 14 18
545 155 12 16
899 254 31 40
300 263 35 42
318 475 42 50
849 89 32 43
314 406 21 26
895 117 38 43
957 274 40 53
780 254 44 57
609 527 37 45
173 165 34 44
112 302 35 43
483 244 37 40
530 264 32 47
814 527 37 47
960 168 40 44
124 493 29 42
2_Demonstration_Protesters_2_204.jpg
4
613 184 78 113
174 202 86 121
382 219 68 100
931 361 38 64
0_Parade_Parade_0_353.jpg
8
390 258 20 25
493 240 23 29
837 265 19 21
693 248 13 15
288 288 10 14
321 296 27 27
887 249 11 13
171 293 25 25
11_Meeting_Meeting_11_Meeting_Meeting_11_807.jpg
5
555 26 42 56
626 72 41 64
889 242 76 103
408 79 43 53
775 94 48 68
1_Handshaking_Handshaking_1_457.jpg
1
273 161 460 553
1_Handshaking_Handshaking_1_380.jpg
0
1_Handshaking_Handshaking_1_275.jpg
1
440 241 219 292
12_Group_Group_12_Group_Group_12_935.jpg
263
279 564 19 22
764 640 16 20
216 64 16 19
831 385 18 22
411 350 19 23
549 92 15 20
635 191 15 21
685 451 21 27
386 642 17 22
941 376 19 24
888 664 19 24
718 350 15 20
880 117 18 22
821 92 18 25
570 222 15 19
869 462 17 22
65 157 16 22
144 599 19 25
896 635 18 24
595 349 17 23
988 245 19 25
719 130 14 20
300 155 14 21
620 428 17 24
904 61 16 24
483 114 17 21
113 534 16 23
413 168 15 18
951 320 18 23
607 93 15 20
70 320 16 24
356 278 16 22
829 606 20 25
576 393 18 22
762 420 18 27
190 0 17 18
250 630 21 28
110 185 17 22
809 455 17 26
756 176 20 26
514 185 16 24
1005 462 17 28
442 60 15 21
170 537 16 23
688 186 18 24
688 216 19 24
725 510 18 26
463 531 19 26
743 259 16 23
581 608 16 23
552 668 19 22
500 66 16 19
61 637 18 27
834 315 18 23
357 322 19 22
562 424 16 21
357 351 17 25
942 422 20 28
1007 121 17 25
557 287 16 24
33 89 16 23
613 492 20 29
263 254 15 18
772 128 16 22
654 116 18 23
544 320 15 22
295 320 19 20
428 116 15 21
264 411 19 26
37 353 17 21
341 561 17 24
753 664 20 27
52 192 17 22
463 384 19 25
874 426 18 24
523 392 16 21
772 323 16 21
771 606 19 22
945 113 17 22
319 426 16 21
617 220 17 22
531 526 19 26
702 391 16 24
444 408 16 20
299 191 15 23
364 0 17 22
654 312 17 22
913 532 17 23
808 664 19 26
846 529 17 21
626 664 17 25
52 673 21 27
430 292 18 20
682 5 18 22
789 27 16 19
342 384 16 23
511 422 22 26
718 31 16 22
465 563 17 24
861 489 15 20
587 563 21 24
741 -1 19 20
328 60 16 22
381 419 19 27
695 595 21 27
543 489 18 23
972 291 18 22
19 456 21 24
366 90 17 22
405 561 17 24
668 90 15 21
93 87 16 22
845 222 19 22
221 525 19 25
614 61 18 26
719 559 18 23
1001 679 16 20
817 430 20 23
275 599 17 22
522 610 17 21
75 603 16 21
365 118 18 24
831 354 16 20
19 108 19 25
194 640 15 20
829 641 20 22
20 605 20 28
235 320 17 21
177 316 17 24
134 278 19 28
669 356 15 23
890 320 20 23
959 350 18 22
433 455 19 21
295 493 19 25
226 348 17 21
325 623 18 22
281 389 15 20
470 157 17 24
966 29 18 25
760 378 19 25
508 456 20 27
85 573 17 21
904 559 19 26
456 2 15 24
204 289 17 23
154 566 16 22
501 495 18 22
422 96 16 22
123 631 18 26
975 527 16 22
633 380 17 22
534 352 19 26
337 23 19 26
940 471 16 23
980 151 16 22
804 0 16 20
684 671 16 22
219 571 18 22
1004 89 15 22
376 656 20 28
917 499 22 28
119 153 19 25
987 195 17 20
57 37 12 14
262 111 16 20
747 495 16 22
242 453 16 22
599 530 18 22
676 490 20 25
9 160 15 22
612 285 20 24
474 321 18 23
328 597 17 23
926 -1 17 18
782 563 19 23
528 569 18 23
173 665 20 25
552 66 17 21
204 604 17 23
36 220 15 20
570 201 18 23
182 175 18 24
435 493 18 23
651 160 14 18
441 646 19 26
959 565 21 26
513 630 16 22
554 259 15 21
303 286 17 24
801 230 16 20
949 613 17 23
217 383 21 28
40 392 18 25
99 356 17 22
60 -3 19 21
19 564 17 24
633 638 17 27
534 125 17 19
921 217 18 24
597 316 16 22
946 688 16 19
148 386 20 26
222 160 14 20
648 561 19 25
243 665 15 22
614 257 17 19
925 244 16 23
848 557 15 20
615 457 16 24
571 645 15 20
912 26 15 20
305 126 16 20
693 645 21 23
738 455 17 25
209 93 15 20
39 267 18 24
825 67 14 18
976 492 21 25
49 527 19 22
781 529 18 22
686 426 18 22
20 290 19 22
489 288 19 23
0 47 17 24
662 62 14 22
852 22 16 23
124 13 16 26
697 152 14 22
658 538 21 24
0 634 19 27
397 383 19 25
112 672 19 22
433 593 21 25
247 134 14 18
305 93 16 21
899 364 17 21
894 609 17 22
115 317 14 18
394 61 15 22
356 151 17 24
285 347 16 23
361 484 18 24
705 287 18 23
488 259 16 23
793 492 17 23
313 538 19 22
628 5 13 17
231 197 18 23
475 347 22 30
532 315 22 32
146 85 17 24
410 524 18 24
975 226 18 21
957 65 16 19
114 486 16 24
232 488 18 21
777 351 17 21
860 -2 16 17
456 187 25 33
948 93 19 24
562 463 17 21
214 3 13 15
13_Interview_Interview_Sequences_13_2.jpg
17
267 189 54 72
656 26 36 45
732 290 84 103
494 172 48 63
637 235 58 81
127 278 47 55
326 29 30 39
645 148 27 36
551 200 29 42
570 28 37 49
918 219 34 47
238 29 35 46
227 190 22 35
316 142 23 30
9 243 24 25
336 365 41 55
946 19 47 59
17_Ceremony_Ceremony_17_782.jpg
2
624 61 167 207
261 88 107 164
2_Demonstration_Political_Rally_2_335.jpg
100
281 429 48 61
785 564 66 88
894 341 46 61
351 495 59 81
273 268 41 54
607 161 32 39
308 326 52 60
61 141 30 33
705 318 45 57
338 58 20 26
665 64 25 30
820 480 68 78
751 176 31 41
109 267 42 49
240 176 30 35
474 175 30 39
209 285 45 60
6 329 42 57
-1 230 34 48
381 336 45 54
659 231 39 44
578 63 25 26
614 80 29 33
85 235 38 45
67 87 24 31
274 194 27 38
729 80 27 35
672 418 52 66
444 153 27 39
159 261 32 40
404 260 47 63
518 194 35 43
943 116 26 35
329 420 64 75
327 105 27 34
658 129 28 33
107 148 27 31
880 152 27 34
858 117 22 28
37 219 29 39
921 195 30 37
487 245 41 48
744 142 26 31
281 326 43 51
356 233 34 35
570 328 45 54
236 229 38 44
169 187 39 42
36 78 25 30
862 67 19 24
479 444 42 58
15 33 18 22
697 211 36 43
577 136 30 36
541 222 41 44
245 94 24 32
63 207 36 43
987 6 17 20
485 130 25 28
844 166 38 41
168 77 18 20
846 212 39 43
190 264 35 44
909 8 16 19
239 549 60 83
0 403 44 61
74 180 34 36
61 61 27 29
446 374 38 56
0 495 39 54
816 75 23 27
27 -2 17 17
139 479 41 70
356 155 39 45
566 116 24 27
143 147 29 35
537 257 37 50
663 179 34 37
778 197 35 41
637 129 26 34
876 309 33 46
475 300 35 45
369 206 35 47
773 157 27 30
32 148 25 28
145 384 94 120
276 167 36 40
906 65 14 18
891 221 35 42
337 156 24 31
830 434 33 38
751 253 24 38
831 58 21 23
456 112 20 25
335 277 49 61
646 79 25 32
142 98 24 30
86 398 41 54
641 237 24 28
343 208 29 32
2_Demonstration_Political_Rally_2_940.jpg
2
406 158 276 348
65 13 138 178
18_Concerts_Concerts_18_657.jpg
0
19_Couple_Couple_19_810.jpg
1
480 346 16 20
18_Concerts_Concerts_18_784.jpg
1
264 239 351 438
13_Interview_Interview_On_Location_13_510.jpg
1
332 104 336 390
15_Stock_Market_Stock_Market_15_460.jpg
6
450 143 49 63
578 116 52 65
774 73 61 74
336 123 54 71
215 42 51 74
151 130 56 71
12_Group_Group_12_Group_Group_12_101.jpg
8
478 124 48 61
660 129 51 62
732 225 47 60
321 145 46 56
352 212 46 58
831 139 49 71
169 443 42 64
522 189 45 64
2_Demonstration_Political_Rally_2_382.jpg
1
395 506 132 156
10_People_Marching_People_Marching_10_People_Marching_People_Marching_10_552.jpg
1
439 104 69 83
2_Demonstration_Political_Rally_2_187.jpg
7
670 671 39 53
58 876 37 47
215 1244 81 96
590 740 35 49
353 -25 418 644
232 1397 46 74
636 1163 40 59
12_Group_Group_12_Group_Group_12_62.jpg
9
341 158 49 60
801 123 48 60
256 132 43 56
555 143 39 49
189 146 46 63
465 179 43 53
399 124 39 52
742 96 45 54
652 137 47 61
12_Group_Team_Organized_Group_12_Group_Team_Organized_Group_12_868.jpg
1
449 89 79 114
13_Interview_Interview_2_People_Visible_13_668.jpg
1
629 517 19 25
15_Stock_Market_Stock_Market_15_554.jpg
4
224 86 150 197
494 208 86 106
344 120 85 114
675 217 40 48
0_Parade_Parade_0_120.jpg
15
951 307 40 46
525 332 30 31
107 305 41 45
492 317 16 18
327 316 13 16
45 325 22 28
628 320 11 14
443 327 14 17
697 321 13 15
664 327 14 16
392 333 14 15
744 312 13 15
907 302 22 25
758 318 13 14
23 372 28 32
16_Award_Ceremony_Awards_Ceremony_16_134.jpg
1
420 224 154 188
12_Group_Large_Group_12_Group_Large_Group_12_849.jpg
1
779 341 14 20
10_People_Marching_People_Marching_2_40.jpg
38
667 201 40 57
714 267 52 64
266 119 24 29
355 128 25 30
228 92 19 23
679 98 17 21
94 91 22 27
48 134 34 44
403 157 26 32
944 246 42 56
685 251 35 46
711 83 12 16
473 108 18 24
515 86 17 25
99 136 24 32
589 276 29 41
249 84 31 35
46 345 62 70
169 221 33 45
422 103 17 23
561 65 15 17
853 52 10 15
789 120 26 28
710 365 43 62
94 468 72 96
795 66 11 15
589 133 22 30
512 49 12 16
514 526 89 95
904 114 21 26
831 237 51 66
663 100 17 24
970 334 56 73
950 199 29 33
318 146 26 38
799 206 17 23
742 64 10 13
496 148 24 29
2_Demonstration_Demonstrators_2_545.jpg
7
288 431 28 35
66 432 26 34
61 496 35 42
413 459 26 33
254 495 33 46
403 404 15 20
98 391 27 33
19_Couple_Couple_19_881.jpg
2
249 197 92 111
585 232 91 119
2_Demonstration_Political_Rally_2_365.jpg
7
459 294 75 99
749 99 246 337
361 395 10 13
385 401 13 16
33 215 65 86
404 395 10 13
305 451 30 37
13_Interview_Interview_Sequences_13_35.jpg
4
544 478 50 65
618 497 42 60
358 282 42 55
497 404 59 69
12_Group_Group_12_Group_Group_12_912.jpg
11
219 85 38 48
287 195 37 46
408 143 32 39
615 242 36 47
533 142 35 42
827 70 38 48
695 177 38 47
489 246 37 45
305 121 34 40
379 244 39 50
646 106 32 39
11_Meeting_Meeting_11_Meeting_Meeting_11_406.jpg
7
116 246 77 103
869 253 91 120
254 265 63 89
367 223 52 70
706 241 73 93
531 215 41 59
278 121 26 36
0_Parade_Parade_0_901.jpg
3
4 400 238 336
645 332 345 405
283 692 153 192
18_Concerts_Concerts_18_828.jpg
1
614 249 101 146
2_Demonstration_Protesters_2_905.jpg
2
670 397 52 62
484 439 41 54
18_Concerts_Concerts_18_258.jpg
3
897 79 34 41
87 53 27 37
528 376 29 36
17_Ceremony_Ceremony_17_211.jpg
7
687 223 38 49
767 211 41 54
588 369 39 54
592 234 36 52
836 162 54 65
553 231 33 48
222 214 41 47
12_Group_Group_12_Group_Group_12_522.jpg
16
300 231 35 46
505 391 41 52
358 403 43 52
264 293 36 46
396 225 36 51
723 295 37 50
371 301 36 48
492 247 37 48
653 397 41 52
190 229 39 49
599 265 37 42
885 289 41 53
792 282 40 50
684 229 38 45
114 226 39 52
819 242 38 49
2_Demonstration_Political_Rally_2_726.jpg
2
515 442 139 174
111 97 129 154
2_Demonstration_Protesters_2_559.jpg
1
725 416 63 86
13_Interview_Interview_2_People_Visible_13_381.jpg
1
396 191 182 244
18_Concerts_Concerts_18_252.jpg
1
493 200 127 160
13_Interview_Interview_On_Location_13_537.jpg
0
2_Demonstration_Demonstrators_2_100.jpg
4
410 135 247 347
681 321 132 175
906 345 54 72
435 678 172 187
0_Parade_marchingband_1_629.jpg
6
35 378 10 12
794 352 10 12
235 367 8 11
464 360 8 11
427 363 7 10
955 392 19 23
16_Award_Ceremony_Awards_Ceremony_16_116.jpg
2
394 167 127 177
555 127 121 163
13_Interview_Interview_2_People_Visible_13_285.jpg
1
525 244 147 208
18_Concerts_Concerts_18_469.jpg
3
9 301 36 49
485 273 27 37
853 247 24 29
0_Parade_Parade_0_873.jpg
66
820 503 60 80
318 460 48 59
481 311 16 21
853 327 22 27
10 357 29 36
401 323 25 33
299 355 20 25
277 375 20 24
743 354 23 31
807 353 21 25
933 298 19 25
715 409 32 39
96 587 71 101
148 410 30 37
29 429 32 46
625 334 19 28
661 393 27 37
702 290 11 15
553 425 32 46
818 320 20 27
770 358 24 30
743 314 19 26
132 385 27 32
24 298 12 15
720 477 55 73
629 364 22 29
450 397 33 44
607 491 46 66
511 373 20 26
372 324 16 20
902 376 22 33
933 271 14 17
532 357 25 30
445 371 26 31
58 335 13 17
924 399 41 50
336 370 24 28
502 321 13 19
565 329 14 16
992 311 18 23
189 358 15 21
211 311 14 18
957 344 29 34
465 348 17 22
772 417 40 50
86 450 49 57
659 608 63 76
456 520 59 82
582 344 24 29
860 379 25 38
909 309 13 17
572 308 12 16
-2 389 23 34
77 371 22 27
867 578 73 98
662 313 11 15
793 318 11 18
790 345 15 19
500 358 18 22
966 296 13 17
851 469 55 64
32 337 14 19
310 395 37 51
319 324 10 14
138 484 33 51
460 318 9 13
13_Interview_Interview_On_Location_13_190.jpg
1
282 227 44 57
10_People_Marching_People_Marching_10_People_Marching_People_Marching_10_848.jpg
9
761 130 49 62
481 159 40 51
646 166 42 52
243 218 31 40
130 185 32 42
364 200 40 48
990 197 31 42
725 182 31 42
582 205 23 31
2_Demonstration_Demonstrators_2_329.jpg
15
202 48 45 59
249 94 64 81
930 180 33 40
112 30 37 51
374 98 25 32
131 85 49 57
858 167 37 45
730 169 19 24
792 189 21 28
707 161 29 39
376 107 26 32
950 185 30 39
981 221 22 27
30 -9 51 70
665 149 27 35
11_Meeting_Meeting_11_Meeting_Meeting_11_26.jpg
15
249 259 15 20
219 271 17 24
806 276 18 25
781 267 17 21
828 292 18 27
179 282 16 28
727 250 10 15
692 244 9 13
272 253 10 18
309 252 12 15
673 237 9 12
341 240 10 14
423 233 9 11
749 253 10 16
207 282 11 23
2_Demonstration_Protesters_2_748.jpg
2
748 249 21 29
299 232 23 32
2_Demonstration_Political_Rally_2_791.jpg
24
204 405 76 94
991 517 27 32
321 468 26 32
406 138 54 77
393 346 64 77
20 543 35 44
823 540 36 46
490 540 34 40
955 511 25 27
649 273 70 91
780 366 61 79
543 297 68 85
961 429 20 26
859 522 25 32
41 471 22 25
593 39 65 83
587 480 18 28
858 495 18 23
396 525 34 41
329 542 41 46
58 440 16 21
651 484 29 35
691 514 28 41
309 429 27 35
1_Handshaking_Handshaking_1_134.jpg
2
702 60 87 154
296 72 89 120
10_People_Marching_People_Marching_2_269.jpg
2
769 238 24 32
656 225 17 21
19_Couple_Couple_19_509.jpg
1
182 21 694 984
16_Award_Ceremony_Awards_Ceremony_16_85.jpg
6
164 185 53 70
520 233 52 67
411 229 48 66
821 256 57 76
680 233 53 70
270 239 48 63
13_Interview_Interview_Sequences_13_807.jpg
1
408 103 188 269
13_Interview_Interview_On_Location_13_912.jpg
1
272 322 435 580
1_Handshaking_Handshaking_1_733.jpg
4
476 212 56 75
766 126 146 187
305 196 87 132
152 63 161 221
19_Couple_Couple_19_1014.jpg
1
688 222 185 241
1_Handshaking_Handshaking_1_522.jpg
1
700 42 91 124
14_Traffic_Traffic_14_644.jpg
10
523 158 14 18
587 388 19 24
337 105 13 17
407 154 14 19
643 165 14 18
653 99 12 17
806 151 13 16
439 34 12 15
354 26 12 14
241 26 48 53
10_People_Marching_People_Marching_2_191.jpg
15
95 316 15 20
747 326 18 23
514 316 17 26
328 239 12 14
845 319 19 22
82 294 14 20
336 307 14 23
660 325 18 18
827 322 20 28
243 310 16 23
187 318 14 17
379 240 12 16
381 315 18 20
454 321 16 22
136 299 18 23
1_Handshaking_Handshaking_1_766.jpg
1
374 100 277 368
10_People_Marching_People_Marching_2_34.jpg
20
624 719 31 40
713 704 22 28
836 670 18 23
994 723 29 40
523 711 30 40
759 747 28 36
455 637 12 14
83 734 22 30
590 689 20 28
866 725 25 30
303 715 19 24
243 641 12 16
668 709 23 29
398 656 14 20
101 683 14 19
712 655 18 25
447 685 15 19
342 643 10 14
402 719 16 23
37 683 14 18
16_Award_Ceremony_Awards_Ceremony_16_566.jpg
1
290 245 346 471
17_Ceremony_Ceremony_17_415.jpg
5
341 886 106 140
652 935 74 92
445 75 223 297
67 103 200 277
746 98 205 292
12_Group_Team_Organized_Group_12_Group_Team_Organized_Group_12_83.jpg
14
801 219 66 81
721 371 181 239
299 242 32 44
143 283 28 37
38 258 23 26
111 237 23 32
28 323 20 24
996 192 17 21
903 242 19 26
730 225 14 18
206 269 18 24
956 247 13 17
401 246 30 38
9 264 17 22
13_Interview_Interview_On_Location_13_736.jpg
1
205 257 368 487
2_Demonstration_Demonstration_Or_Protest_2_102.jpg
6
424 606 23 32
263 583 20 25
977 512 17 22
951 487 18 21
756 573 17 21
75 604 25 29
17_Ceremony_Ceremony_17_300.jpg
6
189 155 41 56
315 158 40 50
732 137 42 52
427 139 42 54
601 151 39 53
101 249 15 21
18_Concerts_Concerts_18_389.jpg
1
441 146 118 153
0_Parade_Parade_0_639.jpg
15
714 80 24 27
637 576 42 63
517 159 25 33
591 102 25 29
338 204 34 44
974 528 66 110
268 208 29 32
425 290 16 21
437 270 29 35
950 421 14 20
880 428 15 16
965 486 37 50
751 448 11 13
577 147 21 25
455 499 13 16
18_Concerts_Concerts_18_602.jpg
39
260 539 25 37
309 388 23 32
368 392 27 40
942 380 30 42
557 387 30 40
458 489 25 35
898 480 38 58
295 530 40 53
329 504 36 57
247 304 19 25
166 405 22 29
22 339 13 17
76 419 22 30
480 400 25 32
262 260 11 15
452 347 12 16
407 393 16 24
139 406 23 28
52 381 18 27
132 395 16 21
50 265 9 15
301 254 12 15
344 379 17 23
872 371 18 24
108 257 10 14
232 301 14 18
773 334 13 17
142 255 12 19
191 362 16 20
837 342 14 17
473 362 15 21
519 324 12 16
188 261 11 18
784 652 36 50
39 346 16 20
521 340 13 16
89 719 25 30
837 426 22 32
438 329 12 17
13_Interview_Interview_On_Location_13_284.jpg
2
454 69 80 113
104 227 36 51
12_Group_Team_Organized_Group_12_Group_Team_Organized_Group_12_503.jpg
33
490 73 33 39
95 105 34 35
799 93 33 38
137 175 36 41
950 204 35 43
267 105 30 38
328 89 33 38
299 56 25 32
756 203 35 41
866 198 36 44
747 65 28 32
881 112 33 40
644 206 33 39
228 45 25 28
409 76 31 38
657 79 30 39
26 181 38 46
885 71 26 29
429 187 34 46
242 198 32 37
575 80 31 36
435 41 23 31
337 206 32 40
190 95 31 42
722 100 34 38
156 49 27 34
830 64 28 33
628 52 26 34
559 40 25 31
544 180 36 48
488 26 26 31
692 64 25 31
367 45 28 33
12_Group_Team_Organized_Group_12_Group_Team_Organized_Group_12_364.jpg
4
307 129 39 49
843 121 38 47
610 151 36 42
158 119 30 37
13_Interview_Interview_Sequences_13_103.jpg
1
444 13 198 246
11_Meeting_Meeting_11_Meeting_Meeting_11_206.jpg
9
475 254 34 51
802 218 32 42
93 320 36 60
617 235 30 41
303 279 31 44
189 366 45 81
51 191 14 19
141 186 17 23
314 185 14 17
17_Ceremony_Ceremony_17_469.jpg
1
761 286 36 50
12_Group_Group_12_Group_Group_12_315.jpg
8
329 320 32 38
816 330 45 51
274 314 28 36
196 314 30 38
722 324 38 46
399 293 35 41
614 321 35 45
523 311 32 40
15_Stock_Market_Stock_Market_15_542.jpg
9
285 319 31 38
481 302 33 39
876 251 46 54
137 278 34 39
222 275 29 37
381 272 31 39
617 284 29 37
763 238 40 46
265 476 48 49
2_Demonstration_Protesters_2_684.jpg
11
869 430 19 24
694 366 10 11
106 496 18 23
773 413 11 15
205 372 11 14
306 389 12 16
736 435 13 20
950 475 22 26
856 572 64 74
707 401 15 18
662 445 14 15
14_Traffic_Traffic_14_380.jpg
9
649 197 34 39
540 195 27 32
715 225 50 61
300 233 78 83
47 168 25 28
771 120 12 20
923 281 73 90
0 154 16 21
687 624 84 100
2_Demonstration_Protesters_2_345.jpg
4
437 67 58 79
680 89 62 71
250 46 59 70
160 628 46 53
10_People_Marching_People_Marching_10_People_Marching_People_Marching_10_People_Marching_People_Marching_10_938.jpg
1
481 272 109 147
16_Award_Ceremony_Awards_Ceremony_16_392.jpg
2
473 257 182 248
173 456 97 113
19_Couple_Couple_19_319.jpg
0
2_Demonstration_Political_Rally_2_491.jpg
5
650 502 32 47
630 373 26 39
865 523 22 29
583 490 50 74
541 497 30 48
2_Demonstration_Political_Rally_2_107.jpg
7
170 589 56 74
227 490 27 35
232 559 44 55
735 561 31 41
857 505 20 29
918 537 24 30
920 633 52 57
11_Meeting_Meeting_11_Meeting_Meeting_11_102.jpg
6
753 196 118 155
591 17 110 143
433 166 127 175
126 71 122 142
882 243 103 172
-6 240 106 163
0_Parade_Parade_0_688.jpg
7
535 462 15 18
882 523 13 16
567 541 15 22
276 524 24 28
844 568 15 19
7 583 11 14
453 532 27 31
2_Demonstration_Protesters_2_508.jpg
10
957 113 19 26
651 157 22 23
950 178 32 36
934 160 18 21
990 146 21 26
789 141 21 25
866 139 28 41
179 208 31 34
309 180 38 42
715 168 42 46
2_Demonstration_Demonstration_Or_Protest_2_98.jpg
28
559 485 28 37
362 492 30 36
378 420 19 31
288 568 29 38
195 505 28 33
862 597 31 48
410 508 23 30
21 453 23 34
605 579 34 42
442 459 22 29
520 450 23 28
836 280 10 13
661 599 33 46
68 299 8 11
889 327 9 13
324 473 18 28
0 430 19 22
514 479 22 32
331 571 35 45
121 487 19 25
321 440 17 26
389 458 26 34
104 294 9 14
5 474 24 29
960 297 10 11
833 162 6 7
57 281 8 11
514 530 31 38
12_Group_Group_12_Group_Group_12_379.jpg
31
425 247 32 41
763 153 28 37
637 179 27 34
869 172 29 35
330 243 31 39
359 154 29 36
187 100 32 41
155 244 29 37
580 137 27 29
613 112 27 32
78 233 31 37
791 106 27 34
429 154 33 40
285 113 26 33
382 117 28 34
664 125 28 30
532 165 32 37
523 113 27 34
844 116 29 36
481 119 29 38
241 235 29 37
295 168 27 34
534 234 32 40
629 231 32 39
728 134 26 29
732 218 33 39
798 242 31 37
895 227 30 42
155 188 27 33
416 99 27 31
225 172 27 34
11_Meeting_Meeting_11_Meeting_Meeting_11_507.jpg
21
55 252 25 34
130 362 29 37
903 410 36 47
191 242 15 19
76 406 32 41
240 235 12 15
820 356 25 35
685 284 12 18
694 298 16 23
876 290 13 15
282 288 12 16
893 321 18 21
846 302 13 17
661 282 11 15
307 284 11 16
888 304 20 27
868 358 18 27
960 247 11 14
558 289 42 52
961 334 25 28
749 237 12 16
0_Parade_Parade_0_12.jpg
13
830 114 34 44
730 130 44 63
253 170 21 26
641 143 24 29
326 154 32 38
189 207 18 24
484 162 41 55
396 175 30 41
576 180 21 24
1004 132 21 31
914 152 21 25
275 191 27 33
127 199 16 19
2_Demonstration_Demonstrators_2_486.jpg
4
550 399 66 90
373 381 87 123
1001 277 15 19
932 295 28 36
0_Parade_Parade_0_377.jpg
14
251 503 70 86
976 339 17 23
572 307 29 34
157 317 33 42
349 335 28 36
79 360 66 72
522 291 18 24
726 307 28 30
18 266 38 61
852 364 66 75
64 383 39 53
103 439 55 65
134 232 25 33
181 396 42 54
0_Parade_Parade_0_906.jpg
5
235 253 103 136
647 237 127 162
439 262 109 137
351 288 66 89
558 261 77 102
11_Meeting_Meeting_11_Meeting_Meeting_11_295.jpg
9
52 336 35 53
690 291 20 28
608 369 48 62
119 452 74 105
234 342 23 29
141 377 29 48
800 298 19 28
595 317 15 25
899 308 23 34
12_Group_Team_Organized_Group_12_Group_Team_Organized_Group_12_283.jpg
58
235 345 23 31
135 332 24 30
234 256 21 26
431 245 21 26
891 266 19 26
668 235 16 19
826 246 18 26
468 233 18 22
768 245 17 22
360 340 22 26
481 214 16 19
671 271 18 24
297 350 19 24
460 250 18 23
614 233 18 24
65 320 23 29
391 259 17 20
559 238 20 26
588 238 18 24
360 245 16 19
442 330 20 27
306 266 17 23
654 259 16 21
800 240 17 23
265 249 18 22
282 232 16 20
354 265 17 21
217 229 14 18
70 234 17 26
477 267 21 27
135 238 14 17
737 231 16 21
248 233 12 15
175 260 21 24
519 347 19 24
386 229 17 22
574 357 18 24
96 261 18 20
846 247 18 26
734 284 18 24
626 260 18 24
307 232 14 17
331 260 16 21
674 357 18 25
177 226 13 18
316 220 13 17
335 242 16 19
701 231 13 16
709 244 17 19
520 260 15 21
411 243 17 21
521 222 16 19
107 232 21 24
541 249 11 18
148 253 13 16
204 240 15 18
302 251 13 17
951 265 21 22
0_Parade_Parade_0_125.jpg
4
519 339 27 34
477 273 15 21
584 279 14 18
1005 341 17 27
2_Demonstration_Political_Rally_2_319.jpg
9
618 456 33 47
667 445 21 32
388 466 24 32
46 572 23 36
677 444 21 29
137 688 25 38
576 527 40 50
255 379 21 25
712 529 33 50
18_Concerts_Concerts_18_403.jpg
2
229 514 23 31
589 51 16 21
13_Interview_Interview_Sequences_13_189.jpg
1
305 -43 417 596
10_People_Marching_People_Marching_10_People_Marching_People_Marching_10_368.jpg
13
187 93 64 89
453 194 51 63
726 113 63 81
40 97 65 82
336 152 56 77
856 172 67 85
599 138 58 77
519 224 42 52
395 157 42 54
656 183 50 54
267 187 51 63
-3 175 42 63
931 230 28 40
0_Parade_marchingband_1_490.jpg
64
880 390 12 16
504 387 13 18
788 393 11 16
539 438 15 21
454 392 13 17
663 361 11 15
716 332 10 13
794 359 12 16
407 389 12 15
670 454 14 20
923 338 12 16
439 360 12 17
697 392 12 16
412 331 12 17
545 331 11 16
301 358 11 16
32 394 12 16
369 332 11 15
528 357 11 16
409 452 14 19
263 393 12 16
80 399 11 12
753 361 11 14
218 361 11 15
680 307 11 15
552 391 11 16
719 310 10 14
345 360 12 16
484 357 11 14
218 397 11 16
284 306 10 13
885 360 13 17
207 307 9 13
390 359 12 16
975 397 10 14
837 391 14 19
751 335 10 13
675 332 10 14
617 359 12 14
290 453 15 20
244 326 10 14
801 311 9 13
168 397 12 17
331 330 9 14
615 286 10 13
745 392 12 17
793 331 12 14
874 298 9 14
358 391 13 17
835 360 12 17
260 355 11 15
933 389 11 16
601 390 12 16
571 249 9 12
653 391 11 16
223 247 9 13
809 249 9 13
265 264 10 14
588 332 12 15
169 355 10 14
502 330 9 12
631 331 12 17
840 330 11 15
310 233 9 12
17_Ceremony_Ceremony_17_1007.jpg
2
694 465 180 239
244 371 161 227
14_Traffic_Traffic_14_361.jpg
1
154 42 51 64
2_Demonstration_Protesters_2_24.jpg
15
661 1054 78 96
151 802 85 99
500 662 62 76
369 584 61 67
476 760 75 101
379 285 99 140
455 1124 67 88
895 1123 95 115
601 630 62 69
386 806 61 69
683 475 44 64
816 657 60 79
585 868 39 50
628 121 101 122
552 265 92 138
0_Parade_Parade_0_137.jpg
1
628 13 29 38
2_Demonstration_Demonstration_Or_Protest_2_655.jpg
2
72 183 15 17
282 114 21 24
15_Stock_Market_Stock_Market_15_102.jpg
1
662 361 24 32
2_Demonstration_Protesters_2_92.jpg
5
245 301 27 35
263 431 57 71
102 523 61 93
428 302 12 16
689 350 26 32
13_Interview_Interview_Sequences_13_717.jpg
5
311 188 154 204
625 152 85 110
129 302 18 22
681 447 15 24
897 319 22 26
0_Parade_Parade_0_545.jpg
2
163 230 308 379
590 364 264 311
2_Demonstration_Demonstration_Or_Protest_2_942.jpg
2
178 74 467 702
596 1222 20 25
0_Parade_marchingband_1_360.jpg
6
473 102 50 61
93 163 39 42
934 299 13 14
862 132 43 51
585 229 15 17
241 262 16 19
11_Meeting_Meeting_11_Meeting_Meeting_11_223.jpg
2
325 38 173 229
607 563 58 82
12_Group_Large_Group_12_Group_Large_Group_12_315.jpg
65
807 384 37 47
180 408 24 29
792 259 29 34
489 304 16 21
446 330 17 22
191 316 20 22
185 340 21 25
600 302 24 30
367 359 24 29
692 413 31 36
293 359 18 23
474 260 14 19
925 410 18 21
494 380 29 35
116 423 24 31
413 266 14 17
553 235 13 18
498 271 15 18
754 267 29 37
429 349 19 22
257 408 23 31
535 332 21 26
579 405 31 41
863 411 17 22
311 278 15 18
334 382 18 24
681 276 24 28
504 315 18 24
646 305 29 34
319 321 16 21
882 420 19 22
451 281 14 17
406 297 13 17
386 288 15 19
226 332 21 26
118 346 20 24
371 319 16 21
455 214 11 14
156 341 19 24
570 237 11 17
536 254 13 18
321 352 16 18
954 387 15 18
286 315 16 21
264 337 18 25
479 332 18 22
381 268 13 15
354 279 14 18
898 352 14 19
505 229 11 15
881 393 18 23
445 260 12 16
948 450 20 25
389 315 14 20
496 243 11 13
395 256 12 16
436 225 10 13
455 232 10 15
480 219 11 15
209 340 17 21
429 316 16 17
346 305 20 25
611 218 11 14
519 209 10 13
525 233 12 14
2_Demonstration_Demonstrators_2_314.jpg
6
259 272 22 28
415 260 24 28
111 263 27 30
218 574 30 32
63 325 41 52
201 264 27 38
12_Group_Group_12_Group_Group_12_519.jpg
6
902 208 26 34
568 198 36 47
449 207 36 49
821 202 30 39
712 224 32 43
743 91 40 53
19_Couple_Couple_19_770.jpg
2
620 387 64 80
695 382 54 60
13_Interview_Interview_2_People_Visible_13_1001.jpg
7
815 314 23 33
473 351 17 24
294 144 14 17
957 334 14 20
724 341 14 22
124 368 14 20
186 355 16 20
13_Interview_Interview_On_Location_13_512.jpg
1
352 153 188 253
10_People_Marching_People_Marching_2_404.jpg
1
604 231 23 30
12_Group_Large_Group_12_Group_Large_Group_12_613.jpg
4
462 125 19 24
791 121 21 26
625 119 17 21
533 121 16 21
0_Parade_Parade_0_887.jpg
8
154 364 70 87
228 263 55 70
661 189 53 75
525 236 50 67
286 294 50 72
497 331 65 86
405 303 46 57
715 323 66 79
0_Parade_marchingband_1_78.jpg
0
0_Parade_marchingband_1_620.jpg
10
910 324 31 36
799 413 27 35
119 273 18 24
660 337 28 33
439 242 22 25
841 353 22 25
766 340 27 33
955 234 17 19
254 200 20 24
902 217 19 23
13_Interview_Interview_Sequences_13_513.jpg
1
354 131 136 172
13_Interview_Interview_2_People_Visible_13_223.jpg
11
119 42 41 56
118 314 42 55
417 45 43 56
277 103 32 42
454 374 30 35
863 321 37 46
650 316 37 49
291 375 26 32
570 106 30 36
695 63 40 51
806 331 20 26
0_Parade_Parade_0_559.jpg
1
437 338 61 80
18_Concerts_Concerts_18_612.jpg
1
222 311 364 551
13_Interview_Interview_On_Location_13_56.jpg
1
464 205 99 135
13_Interview_Interview_On_Location_13_225.jpg
1
409 147 164 207
16_Award_Ceremony_Awards_Ceremony_16_591.jpg
1
354 240 309 407
12_Group_Team_Organized_Group_12_Group_Team_Organized_Group_12_551.jpg
3
486 74 95 112
275 -4 81 105
65 417 52 58
1_Handshaking_Handshaking_1_602.jpg
1
288 283 16 20
13_Interview_Interview_2_People_Visible_13_743.jpg
2
149 -1 56 70
858 49 41 61
16_Award_Ceremony_Awards_Ceremony_16_84.jpg
1
429 153 258 364
15_Stock_Market_Stock_Market_15_781.jpg
1
368 81 208 287
12_Group_Team_Organized_Group_12_Group_Team_Organized_Group_12_504.jpg
2
698 135 95 117
168 222 71 83
0_Parade_marchingband_1_822.jpg
5
181 99 66 97
751 95 31 39
638 134 57 71
446 129 42 55
878 73 61 67
10_People_Marching_People_Marching_10_People_Marching_People_Marching_10_People_Marching_People_Marching_10_162.jpg
4
390 311 20 23
141 274 17 22
281 218 16 18
307 273 14 18
19_Couple_Couple_19_832.jpg
2
155 348 108 145
798 126 183 148
12_Group_Large_Group_12_Group_Large_Group_12_607.jpg
3
373 337 18 25
337 347 18 23
616 354 21 25
13_Interview_Interview_Sequences_13_37.jpg
3
498 175 62 72
796 193 60 75
253 183 70 105
13_Interview_Interview_2_People_Visible_13_239.jpg
1
544 91 227 296
2_Demonstration_Protesters_2_811.jpg
2
611 367 25 29
754 262 18 25
12_Group_Group_12_Group_Group_12_407.jpg
7
350 275 42 52
140 289 50 66
662 250 43 52
251 263 43 60
545 262 41 51
593 371 39 52
431 251 39 50
14_Traffic_Traffic_14_654.jpg
2
448 343 96 114
586 725 48 57
2_Demonstration_Demonstrators_2_244.jpg
4
423 112 47 58
726 157 58 83
712 190 23 30
203 170 17 19
11_Meeting_Meeting_11_Meeting_Meeting_11_71.jpg
9
349 140 39 52
301 166 50 66
453 140 32 42
773 198 73 95
737 153 47 63
606 144 35 48
22 52 33 45
79 272 64 80
246 216 23 37
0_Parade_Parade_0_854.jpg
6
161 730 17 22
529 268 35 45
791 437 38 47
122 726 24 31
986 456 33 44
141 745 15 21
13_Interview_Interview_2_People_Visible_13_204.jpg
2
450 146 145 202
439 110 25 29
13_Interview_Interview_On_Location_13_478.jpg
1
450 48 123 171
13_Interview_Interview_On_Location_13_179.jpg
3
301 184 278 377
667 298 158 191
-41 218 223 341
13_Interview_Interview_Sequences_13_33.jpg
1
343 171 237 294
12_Group_Large_Group_12_Group_Large_Group_12_354.jpg
5
218 361 65 84
353 336 51 67
442 367 38 51
18 306 84 139
582 438 134 181
2_Demonstration_Political_Rally_2_22.jpg
8
77 384 102 121
456 383 18 22
427 444 17 25
573 475 50 70
574 412 21 31
859 402 54 73
770 368 24 32
372 319 67 98
12_Group_Group_12_Group_Group_12_367.jpg
24
324 365 25 30
383 271 20 25
470 283 19 23
695 351 25 33
566 324 21 29
203 342 23 28
627 357 23 31
609 291 24 32
260 368 24 30
561 282 18 24
292 264 20 25
213 299 24 29
424 283 23 29
200 260 21 26
653 324 23 28
287 308 18 24
519 287 22 28
519 339 22 29
394 344 23 27
352 296 20 25
458 357 23 26
548 370 23 31
438 334 19 25
636 265 20 28
10_People_Marching_People_Marching_2_822.jpg
7
668 213 85 106
317 71 79 105
517 150 68 94
177 129 26 53
107 148 14 20
30 151 17 23
891 244 21 28
10_People_Marching_People_Marching_2_395.jpg
8
580 183 27 36
740 216 26 31
829 216 20 24
219 164 25 36
464 182 25 31
955 181 24 29
299 343 14 17
317 231 20 22
2_Demonstration_Protesters_2_178.jpg
12
266 499 63 81
67 554 64 79
550 548 61 74
742 512 60 59
634 523 55 63
683 33 32 33
369 72 28 33
402 482 116 133
910 564 78 97
1 82 35 42
934 541 41 50
535 550 16 22
16_Award_Ceremony_Awards_Ceremony_16_231.jpg
4
431 139 119 155
35 142 43 53
132 153 54 55
554 96 118 163
0_Parade_marchingband_1_172.jpg
42
243 167 31 37
569 242 35 44
649 103 19 25
508 142 24 31
779 101 21 26
853 183 28 33
983 130 19 24
113 83 22 27
560 48 15 19
277 92 22 26
374 107 22 27
229 85 16 21
747 125 23 29
303 76 19 26
492 110 18 22
68 81 20 25
944 126 23 26
561 133 21 25
840 99 21 25
966 116 18 24
486 68 17 21
697 136 23 28
671 179 26 31
585 78 18 22
871 103 17 22
440 104 23 27
695 74 15 20
644 77 18 19
522 93 21 28
439 71 19 23
953 86 16 19
253 95 17 21
112 28 12 14
250 46 16 21
813 78 12 16
373 86 15 19
714 103 14 17
595 110 22 27
405 65 14 16
880 168 20 28
951 51 25 28
67 33 13 16
0_Parade_marchingband_1_1004.jpg
6
811 224 33 39
649 190 38 47
772 208 30 42
429 233 31 39
156 405 43 52
689 202 36 42
18_Concerts_Concerts_18_349.jpg
1
534 80 109 145
16_Award_Ceremony_Awards_Ceremony_16_4.jpg
0
2_Demonstration_Protesters_2_117.jpg
3
247 301 112 129
728 314 70 84
225 298 40 50
13_Interview_Interview_On_Location_13_187.jpg
2
286 82 106 154
652 43 101 142
2_Demonstration_Protesters_2_476.jpg
8
277 387 38 47
685 384 20 27
410 377 44 55
769 359 21 26
199 358 28 35
920 374 20 25
184 408 29 40
20 343 23 36
18_Concerts_Concerts_18_693.jpg
1
424 81 134 180
13_Interview_Interview_2_People_Visible_13_409.jpg
2
291 117 378 513
469 873 80 108
12_Group_Team_Organized_Group_12_Group_Team_Organized_Group_12_996.jpg
2
374 372 286 405
605 696 283 366
12_Group_Large_Group_12_Group_Large_Group_12_213.jpg
10
246 302 15 20
484 347 23 30
849 268 16 20
470 298 15 19
280 317 18 21
293 287 11 13
667 278 10 15
698 312 12 16
883 280 12 14
833 350 30 31
16_Award_Ceremony_Awards_Ceremony_16_422.jpg
1
292 194 390 483
10_People_Marching_People_Marching_2_1046.jpg
9
510 199 51 63
279 259 16 21
98 208 13 16
216 212 21 27
578 239 20 26
200 190 13 16
50 202 19 25
363 236 15 17
739 230 33 39
16_Award_Ceremony_Awards_Ceremony_16_750.jpg
1
388 111 179 288
16_Award_Ceremony_Awards_Ceremony_16_346.jpg
2
652 73 205 280
227 31 63 95
2_Demonstration_Demonstrators_2_414.jpg
5
399 34 19 22
201 42 17 20
134 44 19 21
471 205 19 25
679 36 39 49
13_Interview_Interview_Sequences_13_541.jpg
1
484 251 19 26
0_Parade_Parade_0_757.jpg
1
238 79 191 261
0_Parade_marchingband_1_353.jpg
2
262 373 116 172
638 274 124 161
0_Parade_marchingband_1_525.jpg
13
399 385 21 24
677 382 20 25
290 394 20 24
38 425 14 17
194 373 22 26
132 413 19 23
897 423 19 21
539 397 16 20
572 465 22 30
765 438 16 18
119 408 14 17
226 366 20 26
836 419 13 14
0_Parade_Parade_0_286.jpg
5
532 544 18 23
953 539 75 95
900 527 20 25
587 565 17 22
85 525 16 18
0_Parade_marchingband_1_818.jpg
0
12_Group_Team_Organized_Group_12_Group_Team_Organized_Group_12_852.jpg
1
440 182 160 210
12_Group_Team_Organized_Group_12_Group_Team_Organized_Group_12_789.jpg
4
298 162 50 67
677 460 40 54
519 605 47 63
579 1167 27 33
0_Parade_Parade_0_247.jpg
0
18_Concerts_Concerts_18_151.jpg
44
852 64 15 19
475 205 16 22
782 146 16 22
123 333 15 21
305 398 16 22
471 261 16 19
464 68 16 20
561 204 16 18
981 272 14 22
34 80 13 16
754 262 16 21
897 203 17 22
346 81 14 16
870 259 18 22
203 91 13 17
741 415 16 21
726 319 19 26
671 257 15 20
331 262 17 22
398 148 17 22
954 150 16 17
87 287 13 15
695 145 15 20
871 146 16 24
719 59 15 22
504 140 15 19
591 326 16 22
998 334 16 19
588 146 14 18
152 401 16 19
101 104 15 19
336 206 16 17
472 323 16 17
592 71 15 18
582 269 16 17
210 267 16 22
1009 202 16 20
986 60 14 21
229 333 16 19
362 338 17 21
8 112 10 13
9 348 19 27
70 99 13 15
866 410 17 26
12_Group_Team_Organized_Group_12_Group_Team_Organized_Group_12_602.jpg
4
251 144 152 220
641 173 164 189
423 261 125 167
525 160 127 159
12_Group_Large_Group_12_Group_Large_Group_12_162.jpg
8
147 100 64 87
840 103 62 84
671 129 55 70
767 118 58 77
245 137 58 79
306 139 66 83
456 111 58 79
513 142 63 78
12_Group_Team_Organized_Group_12_Group_Team_Organized_Group_12_458.jpg
16
544 203 27 33
277 226 34 41
574 266 30 38
797 217 36 42
911 209 34 39
254 361 41 52
694 351 33 39
368 227 30 34
456 212 30 37
627 213 28 30
134 217 42 48
730 215 30 33
406 208 27 33
667 218 31 36
473 183 24 28
307 204 27 33
12_Group_Group_12_Group_Group_12_38.jpg
8
491 85 41 50
104 81 44 55
269 70 47 55
410 87 48 53
722 62 36 47
199 72 45 55
791 63 43 53
573 67 42 58
13_Interview_Interview_2_People_Visible_13_442.jpg
0
12_Group_Large_Group_12_Group_Large_Group_12_853.jpg
1
428 258 410 536
12_Group_Group_12_Group_Group_12_28.jpg
24
106 71 36 43
128 125 42 56
209 103 36 49
71 22 37 46
178 200 36 44
551 110 38 46
520 255 34 45
170 40 29 36
703 83 40 54
904 109 40 53
304 135 33 39
611 99 37 50
462 235 31 41
385 199 40 54
246 257 40 49
260 150 38 50
513 58 31 42
234 77 35 44
788 78 37 48
663 57 35 48
617 52 32 40
918 68 38 46
801 132 40 52
415 339 38 45
0_Parade_marchingband_1_379.jpg
2
188 321 19 22
427 314 19 22
2_Demonstration_Demonstrators_2_181.jpg
11
880 594 46 56
661 522 35 44
717 514 20 25
940 542 32 44
75 532 56 71
411 531 24 32
846 502 21 27
527 559 21 34
229 540 23 30
186 551 30 33
760 562 29 36
12_Group_Team_Organized_Group_12_Group_Team_Organized_Group_12_759.jpg
3
696 294 83 104
451 290 88 119
239 310 68 100
19_Couple_Couple_19_631.jpg
1
614 81 137 209
19_Couple_Couple_19_156.jpg
0
13_Interview_Interview_Sequences_13_134.jpg
1
335 105 196 268
2_Demonstration_Political_Rally_2_219.jpg
1
317 204 376 512
13_Interview_Interview_Sequences_13_937.jpg
1
211 241 521 731
2_Demonstration_Political_Rally_2_64.jpg
3
631 456 30 36
584 393 30 33
855 386 23 27
0_Parade_Parade_0_519.jpg
7
862 252 91 111
414 254 114 128
86 249 29 37
665 308 37 52
174 272 61 76
752 262 31 38
118 265 40 55
18_Concerts_Concerts_18_528.jpg
1
469 128 64 87
12_Group_Large_Group_12_Group_Large_Group_12_228.jpg
20
563 404 15 19
154 413 15 19
201 409 15 18
780 410 15 21
654 417 15 21
743 406 15 20
247 411 15 18
483 397 15 20
524 408 15 20
869 420 15 17
697 415 15 18
293 407 15 19
827 406 15 20
429 415 13 18
337 412 15 18
110 410 15 19
906 414 14 18
606 411 14 20
392 412 14 17
463 502 11 15
18_Concerts_Concerts_18_555.jpg
1
330 90 320 450
19_Couple_Couple_19_50.jpg
2
583 146 73 90
671 255 69 85
12_Group_Team_Organized_Group_12_Group_Team_Organized_Group_12_778.jpg
65
404 307 23 29
611 229 19 25
230 97 19 23
170 284 22 28
344 291 21 26
294 102 19 23
209 49 19 26
440 226 20 28
235 221 19 25
498 88 22 26
107 281 25 30
346 56 16 20
662 90 20 27
494 224 20 27
847 130 22 29
539 67 19 24
467 295 21 27
580 60 18 23
555 229 20 25
877 133 21 25
765 117 21 28
413 58 17 22
177 213 20 25
369 80 22 30
582 100 19 26
276 229 19 24
623 92 18 22
226 280 23 27
781 304 24 28
709 304 24 30
163 94 19 23
511 59 19 26
586 300 23 29
60 284 23 26
818 141 23 27
434 85 20 25
383 228 19 24
318 73 18 23
707 55 18 23
892 167 21 28
518 295 23 30
330 229 19 25
689 76 18 22
287 293 22 26
807 77 19 26
904 139 21 26
849 191 23 27
930 150 28 34
747 93 20 25
653 229 20 27
465 65 19 25
742 67 20 25
282 63 19 22
831 100 20 26
645 300 23 28
789 95 19 22
388 69 17 24
643 79 17 23
716 89 19 24
805 117 19 23
718 120 22 28
693 122 21 27
253 78 17 22
595 77 16 21
923 310 27 23
2_Demonstration_Demonstrators_2_517.jpg
18
111 92 25 32
654 151 26 40
141 294 72 86
503 112 38 47
167 125 46 53
779 294 76 95
986 85 25 29
703 127 49 64
886 98 30 32
920 107 17 20
465 360 61 76
803 110 30 37
258 119 38 65
427 77 13 17
788 85 28 30
220 112 20 22
767 68 12 15
616 72 9 11
1_Handshaking_Handshaking_1_465.jpg
2
373 215 382 460
255 463 35 61
13_Interview_Interview_Sequences_13_778.jpg
1
405 163 231 313
2_Demonstration_Political_Rally_2_741.jpg
3
577 482 38 55
118 498 35 56
806 645 28 39
13_Interview_Interview_Sequences_13_868.jpg
1
286 88 31 40
18_Concerts_Concerts_18_447.jpg
9
73 196 44 51
246 522 32 40
120 544 35 42
346 368 39 47
212 382 35 42
904 120 46 54
355 486 33 42
398 190 36 41
88 386 32 39
17_Ceremony_Ceremony_17_406.jpg
2
709 371 70 109
377 244 52 97
2_Demonstration_Demonstration_Or_Protest_2_402.jpg
3
479 126 40 49
145 89 47 62
383 113 45 51
16_Award_Ceremony_Awards_Ceremony_16_317.jpg
3
842 114 29 45
218 104 35 49
599 132 30 43
1_Handshaking_Handshaking_1_827.jpg
3
401 187 79 96
764 156 85 117
166 96 84 118
18_Concerts_Concerts_18_655.jpg
1
238 145 321 408
2_Demonstration_Political_Rally_2_18.jpg
43
316 438 18 22
380 437 17 23
104 241 14 17
354 343 16 21
134 297 16 19
13 352 17 23
243 422 17 24
167 333 17 23
186 307 14 20
238 311 17 20
158 408 16 20
65 339 16 21
423 427 15 20
171 450 18 25
623 455 17 23
148 387 16 20
300 333 16 22
222 273 17 24
24 257 16 21
272 397 16 23
480 404 16 20
89 265 16 19
315 262 15 19
485 360 17 22
26 312 15 21
42 450 16 18
502 449 16 23
444 458 17 26
864 447 17 23
82 289 15 20
916 435 15 20
767 420 16 20
367 301 16 23
41 241 15 19
332 202 13 18
23 460 17 24
460 488 18 24
72 320 17 21
363 429 16 21
453 297 11 15
528 394 17 24
171 259 16 22
43 428 15 19
16_Award_Ceremony_Awards_Ceremony_16_309.jpg
3
277 189 271 377
887 442 150 225
692 304 128 209
0_Parade_marchingband_1_188.jpg
2
252 503 9 12
920 487 9 12
12_Group_Large_Group_12_Group_Large_Group_12_448.jpg
3
726 264 198 226
502 416 191 255
582 173 152 177
12_Group_Large_Group_12_Group_Large_Group_12_495.jpg
3
16 229 82 107
347 206 62 86
625 166 56 74
12_Group_Group_12_Group_Group_12_843.jpg
5
386 499 95 102
620 203 17 19
669 259 18 24
422 240 12 15
92 452 122 168
15_Stock_Market_Stock_Market_15_241.jpg
4
124 343 65 83
346 364 56 72
699 325 64 91
564 382 58 79
0_Parade_marchingband_1_746.jpg
18
141 82 31 39
371 90 28 38
546 87 32 44
746 87 27 38
765 47 25 35
425 84 24 34
815 94 30 40
628 110 26 34
301 77 22 29
928 185 10 13
963 185 13 15
957 160 12 16
169 69 23 35
596 87 29 39
450 99 24 30
1001 137 10 13
1004 162 15 19
251 327 21 28
13_Interview_Interview_Sequences_13_557.jpg
1
506 349 87 104
16_Award_Ceremony_Awards_Ceremony_16_546.jpg
1
227 137 728 1008
13_Interview_Interview_On_Location_13_940.jpg
2
404 115 207 296
447 447 169 238
11_Meeting_Meeting_11_Meeting_Meeting_11_644.jpg
5
615 465 23 32
707 438 23 30
301 427 29 49
444 449 26 41
600 456 15 19
12_Group_Group_12_Group_Group_12_578.jpg
1
528 246 76 85
13_Interview_Interview_Sequences_13_477.jpg
1
407 143 234 308
2_Demonstration_Political_Rally_2_637.jpg
7
726 405 30 42
-2 388 35 44
279 355 35 42
663 400 23 31
160 388 34 55
737 100 45 72
461 367 25 40
12_Group_Team_Organized_Group_12_Group_Team_Organized_Group_12_101.jpg
1
910 510 18 24
0_Parade_Parade_0_468.jpg
1
450 618 294 342
14_Traffic_Traffic_14_443.jpg
0
0_Parade_marchingband_1_488.jpg
4
41 268 19 23
446 270 18 26
273 334 9 13
323 314 12 17
17_Ceremony_Ceremony_17_818.jpg
4
666 204 105 142
263 187 113 163
519 274 67 84
48 336 66 86
0_Parade_marchingband_1_710.jpg
4
0 -1 38 57
468 127 55 77
110 306 68 87
829 23 42 56
12_Group_Team_Organized_Group_12_Group_Team_Organized_Group_12_21.jpg
4
265 326 35 37
471 277 17 22
562 302 23 27
354 297 24 31
2_Demonstration_Protesters_2_362.jpg
2
234 369 58 80
814 391 73 89
16_Award_Ceremony_Awards_Ceremony_16_59.jpg
1
392 159 193 269
12_Group_Large_Group_12_Group_Large_Group_12_942.jpg
1
280 190 529 727
0_Parade_marchingband_1_869.jpg
5
69 193 58 76
515 201 54 73
304 211 55 66
703 323 44 59
870 335 44 50
0_Parade_Parade_0_443.jpg
7
302 181 37 47
521 208 68 84
371 235 49 66
690 304 64 78
216 275 27 43
212 236 26 31
110 329 15 20
2_Demonstration_Demonstrators_2_488.jpg
4
228 42 116 144
514 -19 139 159
-4 72 41 52
164 46 33 44
2_Demonstration_Protesters_2_840.jpg
6
793 170 19 25
679 192 17 25
102 189 15 19
257 194 12 18
186 187 14 18
918 155 19 31
2_Demonstration_Demonstration_Or_Protest_2_242.jpg
4
18 492 26 28
262 506 33 42
265 595 29 37
776 296 22 31
11_Meeting_Meeting_11_Meeting_Meeting_11_375.jpg
2
232 177 82 111
464 169 106 157
2_Demonstration_Demonstrators_2_413.jpg
6
494 178 13 18
279 225 18 22
382 183 18 24
128 240 24 32
-1 259 17 26
362 193 10 15
2_Demonstration_Demonstrators_2_307.jpg
3
89 119 9 12
468 83 9 11
118 184 17 21
17_Ceremony_Ceremony_17_444.jpg
2
323 208 362 509
99 1001 20 25
13_Interview_Interview_On_Location_13_401.jpg
12
659 91 34 45
218 88 40 53
481 62 36 47
790 150 39 50
569 65 36 47
419 118 36 49
346 233 41 54
535 158 40 54
374 72 33 44
827 88 39 48
355 153 31 38
639 277 45 53
13_Interview_Interview_On_Location_13_246.jpg
1
261 321 507 743
18_Concerts_Concerts_18_38.jpg
13
64 413 33 47
758 392 30 48
805 278 18 23
530 268 22 30
593 302 19 26
733 287 13 18
527 215 15 19
299 535 42 71
640 182 26 34
892 275 18 24
278 189 18 23
147 324 22 33
95 391 30 39
2_Demonstration_Protesters_2_131.jpg
18
479 562 12 16
864 569 18 23
124 617 17 23
267 584 13 17
183 589 14 19
414 582 15 21
297 629 16 20
44 570 20 22
34 597 19 26
87 586 17 19
977 573 15 20
211 619 16 22
377 612 16 23
954 557 16 20
189 562 11 14
307 556 10 14
130 583 14 21
461 617 18 23
13_Interview_Interview_2_People_Visible_13_241.jpg
1
420 101 133 187
17_Ceremony_Ceremony_17_271.jpg
1
729 372 20 25
16_Award_Ceremony_Awards_Ceremony_16_135.jpg
1
363 124 241 334
11_Meeting_Meeting_11_Meeting_Meeting_11_468.jpg
4
296 234 42 54
578 234 34 43
164 172 58 90
842 119 55 92
13_Interview_Interview_On_Location_13_791.jpg
1
334 345 398 507
12_Group_Team_Organized_Group_12_Group_Team_Organized_Group_12_850.jpg
3
277 216 125 163
466 157 134 173
670 267 30 42
0_Parade_Parade_0_628.jpg
7
450 201 22 31
307 239 21 26
576 238 19 25
624 224 16 23
692 263 15 21
977 256 24 27
785 340 12 13
18_Concerts_Concerts_18_257.jpg
3
453 58 90 119
345 262 63 95
367 330 48 63
17_Ceremony_Ceremony_17_592.jpg
5
4 371 15 17
509 289 12 13
300 284 13 17
58 308 17 22
160 252 28 36
13_Interview_Interview_On_Location_13_554.jpg
1
277 127 305 402
14_Traffic_Traffic_14_55.jpg
0
18_Concerts_Concerts_18_133.jpg
7
152 1014 29 39
641 912 35 51
459 968 31 33
322 419 61 64
657 357 58 67
378 623 19 24
963 1065 25 24
13_Interview_Interview_Sequences_13_1032.jpg
1
387 159 205 258
2_Demonstration_Protesters_2_912.jpg
16
835 323 28 37
145 433 22 28
879 332 25 33
718 278 31 40
548 311 21 25
41 349 14 18
524 315 15 19
594 312 27 37
996 349 25 31
478 309 26 31
2 648 19 24
171 365 13 17
350 348 19 26
510 337 17 26
383 319 25 30
786 332 18 21
13_Interview_Interview_Sequences_13_5.jpg
2
485 40 76 103
112 293 31 42
11_Meeting_Meeting_11_Meeting_Meeting_11_573.jpg
5
76 156 87 145
187 242 87 106
534 189 93 115
786 161 72 124
959 165 17 23
13_Interview_Interview_2_People_Visible_13_461.jpg
1
151 152 66 87
2_Demonstration_Demonstrators_2_195.jpg
4
320 187 63 86
393 182 78 107
283 219 27 40
692 57 94 122
13_Interview_Interview_Sequences_13_793.jpg
2
53 243 30 48
882 303 27 34
12_Group_Group_12_Group_Group_12_732.jpg
8
822 200 26 33
589 231 26 34
467 257 27 36
223 145 31 36
698 221 25 30
342 169 30 39
190 141 31 32
767 198 23 34
2_Demonstration_Demonstration_Or_Protest_2_586.jpg
19
470 147 24 32
692 145 28 37
834 200 30 36
140 145 21 29
384 187 25 34
132 120 12 15
638 168 21 31
760 119 16 20
789 114 11 14
173 124 15 19
247 118 18 21
998 150 14 19
27 103 11 16
525 122 12 14
958 105 16 19
411 106 11 14
387 135 12 18
448 113 19 25
729 224 22 26
18_Concerts_Concerts_18_402.jpg
3
267 252 492 627
415 223 34 39
259 1022 30 41
12_Group_Team_Organized_Group_12_Group_Team_Organized_Group_12_186.jpg
48
307 382 26 31
597 361 26 33
13 180 28 35
198 360 31 36
493 165 24 27
68 155 28 36
448 391 28 36
971 342 28 36
514 193 24 29
191 175 25 32
824 197 27 35
859 327 28 36
718 176 23 28
469 309 24 33
583 154 22 30
531 344 25 33
753 224 28 36
575 113 19 25
366 193 24 30
722 144 21 25
460 191 23 29
267 195 26 31
674 194 24 31
326 157 24 30
447 163 20 26
714 352 29 34
395 368 25 32
296 271 24 29
339 314 25 29
674 155 20 27
762 156 22 25
900 194 25 29
558 196 23 29
657 368 26 34
161 147 27 29
111 171 25 35
601 187 22 28
251 148 22 25
624 205 25 25
283 170 22 24
145 190 29 35
696 218 23 31
402 146 23 32
224 203 25 33
510 100 23 27
363 157 23 31
383 456 26 31
778 441 34 39
1_Handshaking_Handshaking_1_357.jpg
2
153 115 103 136
591 201 106 144
16_Award_Ceremony_Awards_Ceremony_16_94.jpg
4
785 387 68 92
384 337 67 87
560 353 69 93
146 296 70 91
2_Demonstration_Demonstration_Or_Protest_2_282.jpg
2
20 266 147 201
305 214 182 202
10_People_Marching_People_Marching_2_514.jpg
5
401 171 154 214
134 224 160 225
800 239 179 247
522 45 145 206
571 532 65 78
0_Parade_marchingband_1_20.jpg
12
543 357 33 39
28 406 23 30
80 392 22 25
625 392 19 21
465 358 21 23
446 348 15 18
335 379 14 17
849 277 36 43
802 355 15 17
728 346 14 16
249 371 31 36
588 371 13 14
10_People_Marching_People_Marching_2_430.jpg
6
632 202 40 50
914 252 30 39
165 162 31 36
416 173 27 32
287 129 29 35
765 201 40 45
19_Couple_Couple_19_110.jpg
2
145 202 132 183
683 260 138 172
12_Group_Group_12_Group_Group_12_434.jpg
4
411 179 36 49
174 176 36 55
811 212 42 65
547 187 27 39
13_Interview_Interview_2_People_Visible_13_252.jpg
8
326 560 41 51
620 33 61 77
866 525 27 34
110 552 44 60
872 11 61 83
30 30 50 63
806 274 30 40
578 511 30 38
2_Demonstration_Political_Rally_2_456.jpg
2
149 360 26 31
395 309 29 36
2_Demonstration_Demonstration_Or_Protest_2_496.jpg
6
319 89 51 65
949 80 47 63
732 250 61 98
209 179 48 74
541 98 40 58
678 165 42 48
12_Group_Large_Group_12_Group_Large_Group_12_527.jpg
3
713 419 81 111
328 415 77 100
872 66 108 144
13_Interview_Interview_Sequences_13_270.jpg
1
300 125 358 482
14_Traffic_Traffic_14_840.jpg
27
55 255 27 29
702 277 29 32
141 278 34 37
91 258 25 26
607 288 29 31
919 268 34 37
19 286 34 35
315 254 22 26
277 276 32 38
808 286 25 30
50 200 14 17
489 270 35 39
959 262 24 29
609 239 17 19
936 167 11 15
377 288 36 41
627 238 24 26
739 218 20 24
793 215 16 17
707 239 24 26
181 252 37 45
213 254 22 29
624 208 17 17
670 263 24 30
632 191 10 14
574 207 13 14
0 197 10 16
0_Parade_Parade_0_239.jpg
11
900 280 32 39
275 304 21 27
707 291 20 26
505 293 28 31
393 285 30 36
351 293 31 40
499 377 31 37
609 295 27 34
876 325 36 44
225 317 34 40
745 289 34 41
2_Demonstration_Demonstration_Or_Protest_2_799.jpg
10
276 302 12 16
877 310 12 13
117 270 16 18
167 278 10 13
469 271 10 12
163 227 10 16
666 324 10 11
363 304 12 17
267 283 9 13
197 226 10 10
2_Demonstration_Demonstration_Or_Protest_2_644.jpg
8
147 182 22 30
104 239 24 35
231 65 23 30
821 278 21 28
876 308 28 37
931 275 20 25
555 267 33 43
765 288 28 35
12_Group_Team_Organized_Group_12_Group_Team_Organized_Group_12_442.jpg
8
454 210 19 26
522 181 21 32
759 185 20 25
197 183 20 30
808 165 23 36
19 212 29 39
234 188 29 46
967 217 29 31
13_Interview_Interview_On_Location_13_238.jpg
2
650 129 80 96
646 261 33 49
16_Award_Ceremony_Awards_Ceremony_16_637.jpg
1
383 91 266 359
2_Demonstration_Political_Rally_2_807.jpg
0
18_Concerts_Concerts_18_251.jpg
1
416 278 220 317
1_Handshaking_Handshaking_1_362.jpg
0
12_Group_Team_Organized_Group_12_Group_Team_Organized_Group_12_274.jpg
5
336 179 52 71
261 200 55 70
535 210 47 63
445 184 53 69
635 195 54 68
0_Parade_marchingband_1_439.jpg
0
10_People_Marching_People_Marching_10_People_Marching_People_Marching_10_447.jpg
100
668 509 22 28
174 830 23 27
993 526 21 22
310 642 21 25
518 351 21 25
409 452 22 31
639 673 22 26
69 445 20 25
684 266 20 25
809 307 21 26
382 644 21 26
566 275 21 24
964 393 22 28
872 627 20 26
462 481 26 31
805 635 21 27
737 334 16 21
850 654 23 27
567 755 22 27
992 364 23 29
770 744 23 30
967 475 24 32
252 810 22 26
926 616 21 29
661 149 23 28
488 327 19 24
301 395 22 28
614 366 21 28
790 705 23 26
272 280 16 22
150 174 17 23
276 548 18 24
107 538 20 23
613 693 20 23
645 270 19 24
860 470 20 26
620 3 17 22
401 87 22 25
11 292 22 27
681 364 20 24
35 686 22 28
248 485 22 27
598 156 21 29
883 406 22 24
873 381 19 24
327 426 22 25
256 570 18 24
280 366 20 27
232 638 20 26
831 527 20 27
759 104 19 27
253 71 23 27
462 38 16 21
612 128 23 28
412 347 24 27
543 134 22 24
405 798 33 40
970 162 20 25
868 323 21 25
837 191 25 31
297 334 18 24
83 617 20 22
498 285 25 32
291 231 22 25
832 246 18 21
82 194 22 25
220 336 20 24
979 268 19 25
562 329 22 28
355 511 19 25
48 77 17 22
990 343 24 26
478 112 23 26
556 632 20 27
131 795 20 24
894 195 25 29
185 575 21 27
717 46 20 25
774 499 20 25
933 330 16 21
502 36 20 28
188 424 26 31
847 13 17 22
337 251 20 24
142 345 20 24
487 153 24 30
12 450 27 35
893 238 20 26
741 425 19 24
737 133 22 27
0 248 20 24
902 729 20 26
878 4 19 23
626 74 24 27
559 108 26 30
176 597 27 32
756 536 23 28
970 351 24 28
699 18 22 29
107 59 18 21
0_Parade_marchingband_1_759.jpg
14
133 44 47 58
340 126 41 51
139 149 46 57
53 43 35 40
171 3 45 56
305 18 43 58
368 23 46 58
6 35 33 43
570 135 57 69
89 20 33 46
629 114 61 79
406 128 50 61
495 140 45 59
225 13 25 47
10_People_Marching_People_Marching_10_People_Marching_People_Marching_10_524.jpg
3
68 138 70 81
588 175 59 70
842 139 52 64
15_Stock_Market_Stock_Market_15_313.jpg
1
292 121 32 39
16_Award_Ceremony_Awards_Ceremony_16_25.jpg
12
563 106 38 51
844 132 36 47
502 94 33 45
928 150 41 56
740 144 38 54
648 134 38 48
149 97 38 52
60 104 40 49
224 119 37 44
439 120 33 45
718 315 37 53
334 150 37 47
10_People_Marching_People_Marching_2_498.jpg
25
69 146 19 26
412 586 22 24
955 545 19 26
786 543 22 24
895 418 19 25
28 16 20 26
705 0 18 22
163 422 21 28
117 270 19 22
772 135 21 25
346 420 24 25
192 30 19 20
363 30 19 22
608 130 20 21
1002 275 21 24
542 4 24 27
291 290 19 19
723 421 18 20
240 140 18 20
836 276 20 25
37 618 19 19
878 15 17 20
573 595 19 34
665 284 19 20
944 130 17 18
2_Demonstration_Protesters_2_460.jpg
14
642 58 37 45
271 235 40 49
35 69 25 28
841 69 26 32
789 70 27 31
483 239 32 37
132 75 15 18
883 202 28 39
484 96 37 47
806 179 34 46
163 82 17 22
72 87 25 34
707 64 20 29
433 72 21 23
10_People_Marching_People_Marching_2_898.jpg
4
266 811 34 41
673 589 57 66
512 708 48 57
799 655 25 31
13_Interview_Interview_Sequences_13_55.jpg
6
543 372 51 73
606 175 159 260
628 433 23 29
55 434 22 34
515 478 23 27
68 208 63 76
13_Interview_Interview_Sequences_13_347.jpg
1
336 157 79 112
15_Stock_Market_Stock_Market_15_846.jpg
1
246 251 476 642
16_Award_Ceremony_Awards_Ceremony_16_226.jpg
3
198 84 60 84
605 207 28 33
457 502 33 46
12_Group_Group_12_Group_Group_12_293.jpg
9
371 98 44 63
905 138 42 54
518 138 57 68
647 86 29 38
579 126 37 52
109 147 54 52
824 155 37 50
11 84 23 29
753 150 58 66
2_Demonstration_Demonstrators_2_163.jpg
8
563 188 95 119
892 264 38 48
555 295 22 28
841 290 33 38
195 271 52 62
91 255 39 53
173 293 19 22
18 243 23 35
2_Demonstration_Protesters_2_738.jpg
9
731 1012 116 155
309 59 51 63
244 866 121 157
217 27 80 98
912 1025 143 190
456 89 111 131
816 80 36 44
-37 1200 153 230
773 183 65 90
2_Demonstration_Demonstration_Or_Protest_2_438.jpg
6
467 548 55 70
452 267 46 58
51 621 24 32
673 478 45 54
237 514 39 44
651 481 27 32
2_Demonstration_Political_Rally_2_301.jpg
0
12_Group_Team_Organized_Group_12_Group_Team_Organized_Group_12_162.jpg
1
364 201 139 177
18_Concerts_Concerts_18_66.jpg
20
626 246 34 47
807 265 35 47
491 328 63 78
436 258 37 47
891 350 41 57
442 369 58 80
644 419 57 80
923 291 38 46
479 200 20 27
576 310 45 63
197 246 31 40
387 222 24 30
229 202 18 23
210 166 22 26
401 198 23 26
216 308 58 77
187 318 36 47
1001 183 23 27
72 318 45 55
361 188 15 20
12_Group_Team_Organized_Group_12_Group_Team_Organized_Group_12_644.jpg
1
134 127 197 265
10_People_Marching_People_Marching_2_2.jpg
8
761 423 29 38
658 397 15 25
950 468 33 57
666 484 21 35
1001 422 22 31
487 485 23 37
962 395 13 18
913 518 16 23
12_Group_Group_12_Group_Group_12_218.jpg
4
221 61 50 63
77 36 56 77
463 91 43 48
850 57 44 65
2_Demonstration_Demonstration_Or_Protest_2_895.jpg
18
674 334 29 37
490 351 48 62
802 304 22 27
23 286 16 22
277 308 20 27
632 338 27 37
298 311 15 21
965 307 13 17
206 309 21 25
373 318 21 30
520 290 15 19
804 334 21 33
452 304 25 28
338 277 15 20
67 284 13 17
207 373 23 36
121 285 21 23
989 320 24 26
0_Parade_Parade_0_616.jpg
5
769 119 83 96
258 118 78 104
473 42 74 103
668 140 64 83
110 171 71 91
16_Award_Ceremony_Awards_Ceremony_16_311.jpg
1
395 115 188 260
0_Parade_Parade_0_472.jpg
10
59 137 29 32
319 112 40 49
932 229 15 21
604 264 41 48
510 127 34 43
628 162 17 19
562 138 13 23
975 145 17 18
709 112 18 21
657 172 15 18
14_Traffic_Traffic_14_677.jpg
4
741 454 183 271
606 215 182 249
236 23 224 267
392 53 209 324
2_Demonstration_Demonstration_Or_Protest_2_471.jpg
17
172 162 93 126
748 224 71 90
585 284 64 81
448 512 28 39
221 416 33 42
652 336 38 48
433 456 26 33
414 517 27 34
620 498 28 39
235 488 33 47
588 496 24 30
818 450 24 29
863 154 45 49
618 451 23 30
471 461 26 36
391 465 26 33
377 519 24 36
14_Traffic_Traffic_14_267.jpg
5
74 446 15 18
231 478 17 21
153 436 17 20
168 459 15 20
386 322 17 21
13_Interview_Interview_Sequences_13_936.jpg
1
477 155 27 32
15_Stock_Market_Stock_Market_15_751.jpg
1
256 103 166 221
14_Traffic_Traffic_14_675.jpg
1
558 336 146 175
11_Meeting_Meeting_11_Meeting_Meeting_11_865.jpg
1
378 392 297 392
2_Demonstration_Demonstration_Or_Protest_2_54.jpg
27
984 230 30 37
106 162 23 27
667 135 26 32
322 205 41 49
445 135 32 44
267 144 18 24
565 152 21 25
863 133 32 46
772 134 33 41
729 165 30 39
240 150 31 39
196 58 15 21
504 140 22 28
170 112 18 20
319 154 18 22
401 169 18 23
182 174 20 29
635 153 24 27
531 152 18 23
854 131 34 41
612 163 18 22
172 147 21 27
357 176 20 24
103 88 24 28
373 93 12 17
574 200 35 45
715 153 27 32
18_Concerts_Concerts_18_486.jpg
0
2_Demonstration_Protesters_2_46.jpg
31
739 435 93 117
433 507 77 107
260 147 65 88
503 150 66 94
824 63 71 89
335 74 63 81
120 113 59 80
77 51 58 72
478 555 89 131
620 93 56 89
926 42 59 72
274 17 49 57
534 64 77 86
648 269 69 94
950 116 69 87
928 216 69 92
597 610 121 134
397 116 49 69
40 239 79 115
769 583 112 144
760 44 51 66
573 553 107 133
395 333 83 92
277 495 18 20
763 125 54 68
293 315 21 23
362 345 63 78
866 650 46 46
925 594 98 144
834 22 34 38
719 217 35 41
2_Demonstration_Demonstrators_2_518.jpg
8
85 253 61 78
945 419 54 79
621 409 53 66
392 141 47 57
472 146 47 58
695 141 37 49
977 262 43 57
340 153 40 60
2_Demonstration_Demonstration_Or_Protest_2_813.jpg
2
834 373 19 25
657 449 16 18
16_Award_Ceremony_Awards_Ceremony_16_569.jpg
6
565 144 130 165
446 4 64 82
89 18 65 85
825 90 134 205
258 12 71 94
191 38 42 51
17_Ceremony_Ceremony_17_972.jpg
2
485 559 168 228
395 203 133 180
0_Parade_marchingband_1_234.jpg
49
582 416 15 20
667 322 14 19
207 420 15 18
333 410 15 20
613 323 13 17
746 273 15 17
703 418 14 21
434 312 15 20
807 284 14 16
645 412 14 19
507 256 14 17
677 286 13 15
403 410 15 21
307 314 14 17
785 320 14 19
217 295 12 16
470 403 14 18
843 253 16 21
530 225 13 15
643 251 14 15
467 234 13 16
702 256 13 14
318 261 13 15
570 268 14 17
759 422 13 17
556 314 13 18
255 256 13 15
367 309 15 18
401 219 13 14
525 417 12 18
553 168 13 15
540 294 14 15
775 256 14 17
402 292 14 15
671 211 13 15
864 304 11 14
490 311 13 17
606 306 15 16
292 233 10 13
728 319 13 15
438 264 12 13
482 177 11 14
736 233 13 14
344 281 12 14
601 206 14 18
284 298 12 14
354 235 11 11
228 223 12 15
375 265 14 15
10_People_Marching_People_Marching_2_307.jpg
4
258 186 73 88
510 149 97 118
659 224 47 60
83 199 54 65
2_Demonstration_Protesters_2_91.jpg
3
960 210 33 37
785 242 18 23
341 241 23 30
10_People_Marching_People_Marching_2_239.jpg
5
846 237 61 70
975 400 47 55
351 222 65 80
512 346 53 69
60 403 48 57
0_Parade_marchingband_1_267.jpg
21
316 223 23 32
425 203 23 30
586 228 21 28
467 222 30 38
165 246 31 37
355 236 22 30
564 139 14 15
510 236 24 28
549 181 18 22
506 196 18 24
-4 221 30 41
805 141 12 13
583 181 16 23
588 143 12 14
832 148 11 13
761 155 11 14
680 144 12 15
924 147 12 16
711 165 16 22
646 156 13 16
625 176 14 18
12_Group_Team_Organized_Group_12_Group_Team_Organized_Group_12_403.jpg
8
750 264 21 27
230 401 21 24
437 337 19 22
880 212 19 24
183 292 20 23
359 409 19 23
603 265 17 19
223 448 23 30
2_Demonstration_Demonstration_Or_Protest_2_771.jpg
6
466 133 100 128
674 474 23 30
801 496 21 24
731 177 17 23
758 170 14 19
589 34 22 28
2_Demonstration_Demonstration_Or_Protest_2_687.jpg
75
813 476 12 15
188 507 12 16
444 528 15 21
279 534 13 17
687 532 14 20
702 484 12 15
585 507 13 15
480 489 12 17
710 525 13 18
421 484 12 14
754 511 13 16
963 631 18 23
76 399 10 13
82 452 13 16
767 576 14 19
645 519 14 18
489 461 10 13
399 451 10 13
369 435 9 14
417 509 13 19
735 671 17 21
765 543 13 17
379 566 11 17
955 610 15 21
34 493 11 15
598 459 11 15
362 531 15 17
143 476 11 16
528 359 10 12
134 548 12 17
502 342 10 13
427 402 12 17
161 483 14 21
519 469 12 15
882 439 9 13
334 313 8 10
258 401 10 13
406 365 10 13
93 600 17 22
763 500 12 16
740 414 11 15
251 547 12 18
91 506 12 17
333 351 9 12
310 504 13 19
228 499 10 13
146 275 9 12
354 522 12 16
201 472 11 14
195 442 12 14
255 383 12 15
827 450 10 16
358 360 9 10
674 330 8 11
259 444 12 18
441 456 10 14
213 468 12 16
486 514 11 14
537 384 10 14
100 361 8 12
357 465 14 18
795 457 11 15
590 294 9 12
670 389 9 12
521 376 9 12
881 377 8 12
501 406 11 16
447 315 10 12
778 435 13 17
275 287 8 12
499 315 9 12
1011 463 11 18
687 260 8 9
701 313 10 13
749 328 9 13
18_Concerts_Concerts_18_522.jpg
6
636 671 52 69
495 661 77 89
890 607 60 90
84 637 65 91
378 594 57 89
783 564 20 23
2_Demonstration_Protesters_2_817.jpg
4
290 557 32 44
376 540 38 43
360 606 24 31
526 96 21 24
18_Concerts_Concerts_18_815.jpg
0
16_Award_Ceremony_Awards_Ceremony_16_56.jpg
2
771 84 65 102
330 91 61 81
19_Couple_Couple_19_90.jpg
2
311 746 132 168
451 804 117 155
12_Group_Large_Group_12_Group_Large_Group_12_662.jpg
1
12 542 25 34
2_Demonstration_Demonstrators_2_470.jpg
6
486 275 183 255
455 136 113 143
869 113 100 158
619 33 77 109
-11 154 322 404
396 47 95 117
13_Interview_Interview_2_People_Visible_13_260.jpg
1
321 334 500 620
13_Interview_Interview_2_People_Visible_13_374.jpg
1
383 48 221 288
12_Group_Team_Organized_Group_12_Group_Team_Organized_Group_12_60.jpg
16
111 157 44 50
186 150 34 37
524 153 42 58
519 230 54 75
300 157 32 39
820 70 57 72
593 151 40 45
367 169 43 54
17 180 50 57
658 114 56 66
652 182 55 73
414 260 49 68
195 181 51 61
447 170 32 44
759 121 43 48
389 530 63 65
12_Group_Large_Group_12_Group_Large_Group_12_286.jpg
12
0 198 26 31
802 230 66 92
90 158 41 63
287 155 40 53
1001 263 21 25
492 242 27 33
415 253 52 88
918 260 11 16
596 247 20 27
723 247 17 23
401 215 26 27
969 255 15 19
12_Group_Large_Group_12_Group_Large_Group_12_72.jpg
10
216 260 54 71
539 464 48 61
404 175 53 70
674 137 52 65
495 221 61 81
287 105 46 58
711 374 53 72
617 236 43 54
355 466 54 71
454 349 43 51
13_Interview_Interview_Sequences_13_135.jpg
1
366 85 148 199
2_Demonstration_Protesters_2_881.jpg
3
44 298 24 27
334 288 29 45
872 -6 112 145
13_Interview_Interview_Sequences_13_973.jpg
2
297 121 78 105
823 166 71 93
2_Demonstration_Political_Rally_2_690.jpg
4
646 392 22 38
809 397 68 84
751 375 16 20
540 443 67 96
2_Demonstration_Political_Rally_2_867.jpg
11
64 520 48 51
649 496 28 37
799 426 31 37
914 371 26 31
927 512 42 47
127 488 16 21
947 370 27 28
617 505 19 23
169 549 55 75
70 454 14 17
824 403 18 21
13_Interview_Interview_On_Location_13_282.jpg
1
657 73 169 215
2_Demonstration_Demonstrators_2_713.jpg
1
102 385 42 55
13_Interview_Interview_Sequences_13_859.jpg
9
618 183 18 25
478 117 32 37
708 200 22 30
554 197 31 36
820 127 36 46
227 200 29 36
719 153 19 24
256 168 23 27
129 116 22 34
12_Group_Group_12_Group_Group_12_268.jpg
25
707 383 36 45
367 207 34 44
585 363 35 46
895 210 33 42
246 350 33 44
855 230 31 41
457 326 33 44
570 222 33 44
702 193 32 39
445 217 31 42
485 193 32 42
807 394 40 48
913 320 34 44
757 212 31 43
625 220 32 41
151 263 29 36
156 349 38 47
725 261 34 43
102 243 35 46
218 209 33 39
342 355 40 51
303 244 29 35
809 226 26 34
601 197 36 46
239 92 21 25
11_Meeting_Meeting_11_Meeting_Meeting_11_529.jpg
14
539 351 59 79
846 403 75 100
10 313 56 69
828 315 48 67
66 230 32 39
173 304 40 53
632 280 48 62
355 404 36 55
663 457 68 94
458 281 46 54
418 124 31 35
9 240 55 73
728 295 29 34
377 303 49 61
13_Interview_Interview_Sequences_13_456.jpg
1
231 -32 587 736
11_Meeting_Meeting_11_Meeting_Meeting_11_108.jpg
2
882 355 40 52
656 153 47 63
11_Meeting_Meeting_11_Meeting_Meeting_11_385.jpg
18
767 214 41 47
161 208 26 46
831 90 25 34
659 161 21 27
73 218 35 58
938 246 51 81
360 153 13 20
294 168 21 27
279 175 24 37
773 145 13 17
714 169 22 34
833 222 31 32
708 156 27 32
758 143 12 17
600 147 9 12
294 391 48 68
614 145 16 21
822 365 58 66
19_Couple_Couple_19_88.jpg
2
661 119 146 173
582 187 139 188
16_Award_Ceremony_Awards_Ceremony_16_467.jpg
1
307 307 382 529
13_Interview_Interview_On_Location_13_334.jpg
3
205 261 86 114
511 269 78 101
744 261 79 114
0_Parade_marchingband_1_556.jpg
10
638 257 28 35
347 254 27 34
967 255 28 36
568 305 35 46
450 279 18 25
497 283 26 31
557 254 20 24
151 287 29 41
744 238 34 36
720 238 20 23
17_Ceremony_Ceremony_17_803.jpg
17
327 25 85 132
92 140 22 29
441 116 12 16
123 125 16 20
941 174 23 28
597 123 14 17
489 128 15 19
642 81 93 127
574 140 12 16
627 109 12 17
605 143 19 24
172 141 17 22
630 151 19 25
160 104 13 16
149 124 13 16
568 115 13 17
506 115 11 15
13_Interview_Interview_Sequences_13_759.jpg
1
453 597 139 182
13_Interview_Interview_Sequences_13_718.jpg
2
423 76 145 211
763 72 135 196
2_Demonstration_Protesters_2_86.jpg
81
461 375 33 41
321 366 30 39
184 371 33 40
47 481 42 50
656 277 17 24
807 321 26 31
73 313 21 25
185 314 21 26
567 288 16 21
283 334 27 34
118 339 26 32
972 352 26 36
729 339 28 38
680 268 16 19
22 297 22 27
979 304 19 24
218 331 22 28
130 272 14 17
247 255 14 19
839 285 15 19
533 301 19 25
493 317 23 31
677 306 25 29
538 442 41 51
916 292 18 22
596 326 25 33
764 299 19 25
784 277 12 17
605 270 15 19
329 300 19 23
512 262 13 17
391 333 24 27
452 301 18 22
680 414 31 38
121 297 19 22
95 279 17 19
150 273 13 17
863 264 13 16
400 303 17 19
360 272 14 18
906 370 27 36
356 474 42 46
447 267 15 21
275 292 18 23
197 272 18 20
510 241 10 14
892 303 16 19
804 423 37 40
727 294 14 18
294 274 12 14
531 279 15 19
620 255 11 14
35 589 82 95
57 279 15 19
771 249 11 14
135 232 11 13
572 243 9 10
186 234 10 12
427 258 11 12
627 315 16 18
570 272 18 22
703 237 8 10
899 234 10 13
357 231 9 13
968 262 10 14
397 246 10 13
815 265 11 14
283 249 8 10
928 323 28 32
700 252 11 15
24 262 13 18
741 279 11 14
66 184 11 15
25 276 15 18
651 246 10 13
1008 259 13 18
523 234 9 12
328 264 13 18
375 252 11 12
840 244 11 12
307 233 9 11
1_Handshaking_Handshaking_1_209.jpg
2
193 144 95 138
620 58 79 147
0_Parade_Parade_0_246.jpg
0
1_Handshaking_Handshaking_1_94.jpg
1
386 243 220 312
2_Demonstration_Political_Rally_2_611.jpg
1
183 174 140 176
12_Group_Group_12_Group_Group_12_411.jpg
5
529 125 102 135
219 207 103 124
743 155 114 141
339 170 102 133
866 590 18 20
2_Demonstration_Political_Rally_2_83.jpg
53
6 395 79 97
600 489 89 132
176 155 48 58
882 331 81 94
403 304 88 119
886 552 107 135
290 560 97 132
72 217 50 61
231 118 41 51
211 60 42 54
208 224 55 69
562 293 70 77
115 524 100 118
503 208 50 64
445 117 33 43
171 388 71 98
628 387 79 94
885 158 46 53
809 135 36 47
42 179 43 50
788 121 35 42
166 0 30 36
1 73 32 38
216 266 63 86
93 294 60 72
324 166 39 50
557 82 29 34
471 81 41 46
379 151 35 46
742 155 41 47
674 611 111 139
401 194 55 67
558 185 25 33
748 21 20 24
307 70 27 36
143 180 27 31
624 64 27 33
103 610 92 118
614 105 61 84
806 40 38 46
639 249 32 35
462 181 56 68
265 20 20 24
391 108 43 46
4 126 48 55
975 27 34 39
25 2 21 27
200 109 30 36
86 439 31 35
288 37 30 37
108 78 39 46
374 91 32 38
49 289 25 35
2_Demonstration_Protesters_2_531.jpg
141
927 541 20 24
1001 579 19 25
644 480 14 19
767 538 20 25
156 473 15 20
170 511 17 22
296 652 18 25
59 491 17 19
618 434 17 22
586 493 15 19
96 426 15 17
19 435 16 18
415 446 16 19
903 365 14 17
979 435 16 21
13 567 19 22
233 490 16 19
895 407 14 20
456 510 16 21
241 229 11 13
749 421 15 19
748 488 16 20
880 233 12 16
465 481 17 20
606 329 13 18
279 326 14 18
115 509 20 24
38 285 12 16
495 446 13 18
108 583 17 23
192 432 14 20
313 491 15 22
123 539 17 24
160 643 20 24
879 540 18 23
750 361 15 19
49 372 13 18
281 501 17 19
866 462 18 20
410 522 20 24
407 477 15 20
515 462 18 20
656 264 13 16
277 435 15 21
809 256 11 14
602 456 16 20
398 508 16 19
120 473 16 19
247 474 13 18
499 313 15 18
227 651 17 25
428 414 17 18
990 390 14 19
453 320 12 15
81 461 17 21
961 313 12 16
525 304 12 15
346 416 14 17
841 263 12 15
90 279 12 14
958 238 11 15
470 280 12 15
571 550 18 22
889 192 11 14
695 323 13 16
364 584 19 23
399 250 11 15
56 298 11 14
834 313 12 15
995 318 13 14
777 286 10 13
989 264 12 16
10 415 14 19
740 331 12 17
845 413 14 19
247 374 12 15
916 480 18 25
606 244 10 14
22 362 14 20
684 474 16 19
22 474 16 18
808 359 14 17
477 427 17 19
144 407 14 18
571 308 12 14
564 280 10 12
127 218 10 14
475 312 11 15
24 518 18 20
822 231 10 13
794 392 13 19
963 424 11 14
632 409 14 17
614 301 13 17
723 251 10 16
452 239 9 11
344 287 10 13
973 220 10 14
933 261 11 14
661 542 17 25
141 621 18 24
867 249 13 15
71 315 12 15
266 278 11 12
784 486 15 20
297 386 13 17
829 404 15 17
356 303 12 14
997 645 16 24
95 240 10 14
1006 229 10 13
669 236 11 13
634 216 10 13
787 327 14 17
848 198 10 13
412 232 9 11
70 206 11 15
710 297 15 18
424 209 11 14
628 391 12 16
584 209 12 14
39 316 11 14
940 223 12 16
784 437 16 22
679 388 16 20
421 299 15 16
496 195 10 13
785 204 10 15
354 480 15 17
991 166 9 12
844 330 10 14
460 140 9 11
53 316 11 15
339 214 11 13
501 227 10 13
419 337 13 17
617 359 13 16
583 328 12 14
274 185 10 13
800 289 13 16
244 118 9 12
0_Parade_Parade_0_913.jpg
3
271 165 173 214
626 191 202 237
26 102 68 105
2_Demonstration_Protesters_2_56.jpg
10
390 397 67 88
884 290 55 72
817 198 52 70
748 444 66 78
487 466 75 93
240 394 50 64
683 235 16 22
623 327 65 83
601 240 35 48
75 405 38 49
2_Demonstration_Demonstrators_2_231.jpg
6
227 457 47 65
491 431 114 152
924 425 43 53
38 461 56 65
258 474 45 53
980 420 13 17
0_Parade_Parade_0_288.jpg
0
2_Demonstration_Demonstrators_2_654.jpg
5
585 164 32 41
451 157 31 38
716 187 30 37
294 142 33 43
912 427 45 56
0_Parade_marchingband_1_156.jpg
3
565 248 60 68
866 188 88 102
168 250 60 69
19_Couple_Couple_19_822.jpg
2
182 129 262 345
427 152 257 343
14_Traffic_Traffic_14_834.jpg
0
0_Parade_marchingband_1_476.jpg
25
592 167 23 31
743 173 48 67
858 104 30 36
674 160 35 39
454 222 24 33
797 129 39 51
612 202 35 49
354 225 16 24
386 222 20 29
431 191 18 25
519 176 21 29
422 274 35 55
313 216 18 27
576 163 15 20
283 257 21 34
709 51 14 17
477 114 15 19
204 249 22 33
242 258 16 29
303 168 8 11
73 256 17 22
334 266 29 45
175 187 10 13
400 200 18 24
58 233 15 18
18_Concerts_Concerts_18_104.jpg
0
13_Interview_Interview_Sequences_13_7.jpg
8
636 192 37 49
253 203 37 49
476 246 24 31
105 246 22 28
384 265 18 22
915 253 21 24
863 241 22 29
767 295 13 16
12_Group_Team_Organized_Group_12_Group_Team_Organized_Group_12_353.jpg
0
2_Demonstration_Demonstration_Or_Protest_2_114.jpg
7
360 131 86 130
589 280 70 100
128 301 76 112
497 327 30 49
765 373 45 60
932 129 38 51
824 122 24 31
13_Interview_Interview_Sequences_13_586.jpg
0
18_Concerts_Concerts_18_1004.jpg
1
318 50 253 314
2_Demonstration_Demonstration_Or_Protest_2_395.jpg
1
873 340 48 73
17_Ceremony_Ceremony_17_1037.jpg
1
463 196 176 220
0_Parade_marchingband_1_147.jpg
5
306 131 48 56
215 160 43 48
500 89 73 83
868 164 31 35
612 147 31 37
12_Group_Large_Group_12_Group_Large_Group_12_575.jpg
9
343 274 53 67
771 260 56 68
490 300 50 64
195 234 54 69
432 204 52 63
279 179 55 72
628 243 54 70
530 133 50 62
695 195 47 59
12_Group_Team_Organized_Group_12_Group_Team_Organized_Group_12_418.jpg
46
186 185 16 20
166 354 21 27
657 304 20 26
806 183 16 21
633 363 21 26
404 260 22 30
301 369 23 29
89 185 16 20
470 376 23 30
315 282 22 29
306 160 14 18
393 403 22 27
514 288 19 26
246 184 18 22
697 186 13 17
716 214 16 20
619 217 16 18
134 193 14 20
303 204 18 24
508 210 16 20
204 205 16 20
406 221 15 19
405 162 14 18
617 168 15 20
563 222 14 18
147 215 16 21
257 224 16 20
551 185 12 16
26 209 22 24
155 171 13 18
267 134 12 15
234 344 26 33
456 219 14 18
599 193 14 19
557 368 24 28
205 167 15 18
648 187 14 18
120 139 13 16
461 138 12 15
248 294 17 18
665 211 15 19
378 145 12 16
577 171 12 16
309 182 13 15
271 157 11 14
497 187 15 20
16_Award_Ceremony_Awards_Ceremony_16_752.jpg
3
685 168 59 77
369 155 54 76
131 133 66 96
2_Demonstration_Political_Rally_2_264.jpg
0
2_Demonstration_Demonstrators_2_499.jpg
13
758 342 24 27
600 365 21 24
259 357 21 28
813 350 18 24
361 365 19 23
455 363 17 22
632 364 19 23
515 388 16 22
551 359 15 21
426 361 14 22
975 319 41 53
960 344 17 25
698 380 13 18
12_Group_Group_12_Group_Group_12_331.jpg
7
570 402 40 51
426 354 44 51
773 439 44 59
218 384 43 59
695 133 45 62
328 521 47 57
772 408 19 21
2_Demonstration_Protesters_2_369.jpg
9
530 359 119 142
272 436 112 135
647 356 37 46
613 304 27 35
601 267 27 30
661 311 35 42
187 86 38 45
927 113 39 44
959 206 77 96
2_Demonstration_Protesters_2_519.jpg
5
551 118 56 74
795 98 52 68
164 129 57 77
894 179 41 45
713 289 10 13
13_Interview_Interview_On_Location_13_74.jpg
1
632 45 136 162
12_Group_Group_12_Group_Group_12_823.jpg
5
718 311 29 39
615 312 35 48
484 304 36 52
214 337 46 64
361 325 38 50
2_Demonstration_Demonstration_Or_Protest_2_915.jpg
3
399 309 265 322
200 271 16 23
295 281 25 32
13_Interview_Interview_On_Location_13_129.jpg
1
390 -14 205 258
15_Stock_Market_Stock_Market_15_382.jpg
1
279 98 118 158
2_Demonstration_Political_Rally_2_410.jpg
16
633 442 92 116
249 501 69 83
856 418 37 47
466 456 34 40
4 527 58 73
504 490 37 50
728 475 46 58
350 426 41 47
558 516 41 66
830 427 15 20
181 489 50 64
509 428 16 20
115 421 19 24
953 426 22 25
808 449 16 20
932 445 30 38
2_Demonstration_Demonstration_Or_Protest_2_615.jpg
12
430 252 29 34
36 250 31 39
759 256 26 31
287 221 30 36
0 267 34 40
116 250 34 42
826 251 26 29
896 244 27 30
559 244 24 29
941 244 30 35
505 268 25 33
610 260 22 27
12_Group_Team_Organized_Group_12_Group_Team_Organized_Group_12_64.jpg
5
653 272 58 76
248 270 37 50
111 319 51 67
864 318 68 96
540 240 36 47
13_Interview_Interview_On_Location_13_138.jpg
2
672 277 17 20
98 260 17 19
2_Demonstration_Political_Rally_2_135.jpg
3
933 628 74 95
147 545 68 86
76 673 36 49
14_Traffic_Traffic_14_170.jpg
0
2_Demonstration_Demonstrators_2_425.jpg
26
785 301 38 47
634 391 35 46
562 461 42 61
699 313 16 22
864 301 28 37
430 564 69 103
700 374 28 33
527 329 16 22
358 434 47 63
577 387 22 30
485 369 17 21
790 423 62 79
620 390 13 18
617 331 16 21
17 476 35 48
401 369 15 22
221 424 36 51
656 303 16 21
201 402 24 33
46 432 17 23
109 378 14 19
771 311 22 27
613 304 11 14
706 275 14 20
57 477 23 32
287 349 12 15
1_Handshaking_Handshaking_1_313.jpg
2
626 113 83 115
255 41 91 147
2_Demonstration_Protesters_2_293.jpg
21
223 521 82 106
162 377 35 52
456 434 47 78
542 456 69 96
862 451 75 93
290 430 54 75
350 363 36 51
478 365 42 50
90 343 43 68
797 454 58 75
604 384 37 57
841 589 64 107
564 411 51 69
46 332 27 37
410 471 44 74
410 336 31 38
735 528 38 65
54 306 30 36
578 273 48 62
125 355 33 50
750 531 55 76
2_Demonstration_Demonstration_Or_Protest_2_162.jpg
8
440 138 48 60
525 181 29 39
604 152 32 40
243 103 144 198
-1 219 29 35
680 111 147 192
92 220 26 33
960 188 22 24
13_Interview_Interview_2_People_Visible_13_245.jpg
2
239 132 154 179
466 86 147 205
