28_Sports_Fan_Sports_Fan_28_814.jpg
22
[349, 100, 32, 32, 1.0]
[52, 12, 28, 28, 1.0]
[666, 123, 27, 27, 1.0]
[826, 122, 31, 31, 1.0]
[263, 104, 29, 29, 1.0]
[669, 14, 62, 62, 1.0]
[546, 35, 64, 64, 1.0]
[755, 186, 57, 57, 1.0]
[802, 228, 64, 64, 1.0]
[398, 278, 30, 30, 1.0]
[811, 277, 32, 32, 1.0]
[817, 315, 28, 28, 1.0]
[572, 314, 31, 31, 1.0]
[322, 327, 32, 32, 1.0]
[810, 411, 34, 34, 1.0]
[214, 408, 34, 34, 1.0]
[909, 405, 40, 40, 1.0]
[744, 431, 44, 44, 1.0]
[62, 453, 30, 30, 1.0]
[203, 488, 34, 34, 1.0]
[881, 618, 51, 51, 1.0]
[943, 618, 52, 52, 1.0]
