28_Sports_Fan_Sports_Fan_28_682.jpg
23
[871, 134, 36, 36, 1.0]
[86, 106, 49, 49, 1.0]
[753, 152, 40, 40, 1.0]
[92, 200, 40, 40, 1.0]
[195, 199, 42, 42, 1.0]
[760, 216, 32, 32, 1.0]
[25, 252, 36, 36, 1.0]
[268, 315, 36, 36, 1.0]
[301, 281, 35, 35, 1.0]
[690, 267, 38, 38, 1.0]
[51, 346, 45, 45, 1.0]
[363, 347, 50, 50, 1.0]
[671, 391, 38, 38, 1.0]
[749, 402, 46, 46, 1.0]
[790, 386, 44, 44, 1.0]
[351, 408, 48, 48, 1.0]
[798, 430, 50, 50, 1.0]
[690, 453, 40, 40, 1.0]
[255, 453, 46, 46, 1.0]
[54, 409, 49, 49, 1.0]
[388, 438, 50, 50, 1.0]
[281, 393, 57, 57, 1.0]
[634, 627, 53, 53, 1.0]
