28_Sports_Fan_Sports_Fan_28_813.jpg
22
[63, 583, 28, 28, 1.0]
[640, 599, 29, 29, 1.0]
[318, 623, 28, 28, 1.0]
[284, 675, 30, 30, 1.0]
[393, 392, 107, 107, 1.0]
[177, 710, 34, 34, 1.0]
[256, 777, 32, 32, 1.0]
[334, 771, 30, 30, 1.0]
[646, 712, 39, 39, 1.0]
[741, 823, 32, 32, 1.0]
[227, 876, 33, 33, 1.0]
[320, 868, 34, 34, 1.0]
[425, 879, 33, 33, 1.0]
[42, 892, 38, 38, 1.0]
[231, 946, 35, 35, 1.0]
[149, 932, 37, 37, 1.0]
[418, 922, 41, 41, 1.0]
[234, 1022, 33, 33, 1.0]
[510, 1116, 50, 50, 1.0]
[532, 1191, 49, 49, 1.0]
[243, 1291, 55, 55, 1.0]
[5, 1310, 51, 51, 1.0]
