28_Sports_Fan_Sports_Fan_28_828.jpg
22
[108, 46, 42, 42, 1.0]
[942, 3, 50, 50, 1.0]
[938, 121, 48, 48, 1.0]
[67, 132, 42, 42, 1.0]
[702, 141, 35, 35, 1.0]
[14, 177, 40, 40, 1.0]
[598, 130, 114, 114, 1.0]
[871, 195, 41, 41, 1.0]
[865, 232, 46, 46, 1.0]
[609, 188, 48, 48, 1.0]
[469, 173, 65, 65, 1.0]
[57, 264, 50, 50, 1.0]
[98, 281, 44, 44, 1.0]
[839, 295, 46, 46, 1.0]
[721, 232, 83, 83, 1.0]
[916, 308, 49, 49, 1.0]
[327, 311, 58, 58, 1.0]
[819, 317, 53, 53, 1.0]
[975, 322, 47, 47, 1.0]
[954, 366, 46, 46, 1.0]
[25, 330, 43, 43, 1.0]
[806, 615, 38, 38, 1.0]
