10_People_Marching_People_Marching_2_373.jpg
63
48 52 28 28 1.0
284 16 26 26 1.0
120 4 25 25 1.0
968 91 32 32 1.0
353 76 28 28 1.0
474 39 30 30 1.0
931 74 29 29 1.0
269 95 33 33 1.0
767 114 27 27 1.0
184 15 26 26 1.0
723 84 32 32 1.0
770 86 31 31 1.0
575 61 27 27 1.0
836 75 32 32 1.0
874 101 31 31 1.0
394 127 28 28 1.0
862 134 29 29 1.0
651 50 35 35 1.0
820 53 33 33 1.0
142 101 36 36 1.0
616 112 34 34 1.0
805 142 33 33 1.0
911 150 34 34 1.0
979 151 35 35 1.0
168 119 37 37 1.0
260 139 34 34 1.0
766 138 42 42 1.0
786 64 33 33 1.0
250 165 30 30 1.0
337 164 33 33 1.0
88 187 30 30 1.0
381 190 35 35 1.0
711 175 33 33 1.0
767 187 36 36 1.0
308 206 39 39 1.0
98 242 30 30 1.0
982 240 36 36 1.0
94 224 48 48 1.0
904 226 47 47 1.0
258 264 34 34 1.0
518 256 40 40 1.0
925 291 36 36 1.0
163 289 47 47 1.0
562 302 42 42 1.0
387 345 48 48 1.0
53 305 39 39 1.0
753 335 38 38 1.0
24 322 36 36 1.0
852 292 41 41 1.0
276 292 46 46 1.0
225 308 40 40 1.0
367 385 36 36 1.0
270 363 52 52 1.0
694 335 45 45 1.0
165 384 44 44 1.0
245 396 57 57 1.0
100 415 61 61 1.0
290 472 39 39 1.0
762 492 51 51 1.0
350 440 49 49 1.0
239 459 64 64 1.0
682 477 76 76 1.0
144 503 53 53 1.0
