41_Swimming_Swimming_41_725.jpg
29
[839, 107, 32, 32, 1.0]
[590, 100, 30, 30, 1.0]
[645, 109, 29, 29, 1.0]
[707, 110, 33, 33, 1.0]
[776, 100, 36, 36, 1.0]
[340, 166, 34, 34, 1.0]
[910, 112, 35, 35, 1.0]
[865, 309, 35, 35, 1.0]
[776, 316, 35, 35, 1.0]
[413, 340, 33, 33, 1.0]
[157, 346, 39, 39, 1.0]
[489, 330, 35, 35, 1.0]
[688, 323, 38, 38, 1.0]
[605, 327, 38, 38, 1.0]
[244, 345, 36, 36, 1.0]
[70, 343, 42, 42, 1.0]
[325, 339, 38, 38, 1.0]
[871, 497, 37, 37, 1.0]
[694, 513, 38, 38, 1.0]
[601, 515, 37, 37, 1.0]
[782, 514, 41, 41, 1.0]
[426, 521, 34, 34, 1.0]
[611, 506, 32, 32, 1.0]
[335, 521, 30, 30, 1.0]
[519, 519, 37, 37, 1.0]
[166, 527, 36, 36, 1.0]
[245, 524, 41, 41, 1.0]
[81, 527, 39, 39, 1.0]
[913, 501, 84, 84, 1.0]
