58_Hockey_icehockey_puck_58_835.jpg
31
357 178 35 35 1.0
447 177 36 36 1.0
547 184 35 35 1.0
289 176 34 34 1.0
689 202 34 34 1.0
218 183 34 34 1.0
621 196 32 32 1.0
509 241 37 37 1.0
692 188 35 35 1.0
443 238 40 40 1.0
246 247 36 36 1.0
671 250 36 36 1.0
622 233 39 39 1.0
144 242 41 41 1.0
765 258 38 38 1.0
350 237 46 46 1.0
592 244 41 41 1.0
44 306 53 53 1.0
867 300 56 56 1.0
779 207 228 228 1.0
159 400 45 45 1.0
698 399 49 49 1.0
553 403 50 50 1.0
847 407 50 50 1.0
432 410 52 52 1.0
559 441 37 37 1.0
306 410 47 47 1.0
520 565 36 36 1.0
399 661 55 55 1.0
638 657 41 41 1.0
757 657 53 53 1.0
