44_Aerobics_Aerobics_44_409.jpg
21
[656, 115, 49, 49, 1.0]
[366, 2, 47, 47, 1.0]
[209, 61, 55, 55, 1.0]
[394, 61, 57, 57, 1.0]
[481, 79, 53, 53, 1.0]
[557, 85, 61, 61, 1.0]
[100, 90, 56, 56, 1.0]
[803, 73, 54, 54, 1.0]
[727, 80, 57, 57, 1.0]
[296, 65, 54, 54, 1.0]
[542, 248, 28, 28, 1.0]
[667, 277, 56, 56, 1.0]
[364, 289, 56, 56, 1.0]
[544, 296, 60, 60, 1.0]
[86, 314, 58, 58, 1.0]
[60, 229, 102, 102, 1.0]
[233, 297, 64, 64, 1.0]
[370, 366, 50, 50, 1.0]
[853, 373, 55, 55, 1.0]
[541, 314, 66, 66, 1.0]
[202, 421, 117, 117, 1.0]
