44_Aerobics_Aerobics_44_359.jpg
20
[547, 144, 58, 58, 1.0]
[465, 194, 44, 44, 1.0]
[415, 194, 58, 58, 1.0]
[651, 98, 61, 61, 1.0]
[340, 203, 56, 56, 1.0]
[606, 206, 57, 57, 1.0]
[540, 214, 50, 50, 1.0]
[695, 211, 56, 56, 1.0]
[259, 223, 54, 54, 1.0]
[781, 224, 64, 64, 1.0]
[349, 284, 73, 73, 1.0]
[261, 237, 65, 65, 1.0]
[727, 209, 64, 64, 1.0]
[475, 271, 75, 75, 1.0]
[753, 327, 64, 64, 1.0]
[578, 324, 73, 73, 1.0]
[677, 343, 71, 71, 1.0]
[205, 373, 64, 64, 1.0]
[817, 375, 51, 51, 1.0]
[653, 371, 93, 93, 1.0]
