44_Aerobics_Aerobics_44_312.jpg
31
[190, 161, 56, 56, 1.0]
[442, 270, 29, 29, 1.0]
[567, 273, 32, 32, 1.0]
[371, 271, 29, 29, 1.0]
[777, 274, 32, 32, 1.0]
[142, 278, 34, 34, 1.0]
[250, 275, 26, 26, 1.0]
[903, 276, 38, 38, 1.0]
[964, 275, 40, 40, 1.0]
[511, 294, 30, 30, 1.0]
[632, 288, 33, 33, 1.0]
[699, 286, 38, 38, 1.0]
[544, 383, 32, 32, 1.0]
[62, 286, 38, 38, 1.0]
[490, 387, 33, 33, 1.0]
[445, 361, 32, 32, 1.0]
[378, 355, 33, 33, 1.0]
[234, 374, 33, 33, 1.0]
[624, 388, 34, 34, 1.0]
[295, 365, 38, 38, 1.0]
[686, 365, 36, 36, 1.0]
[813, 375, 46, 46, 1.0]
[406, 428, 35, 35, 1.0]
[558, 427, 47, 47, 1.0]
[637, 443, 40, 40, 1.0]
[238, 445, 40, 40, 1.0]
[337, 449, 39, 39, 1.0]
[732, 452, 39, 39, 1.0]
[563, 539, 46, 46, 1.0]
[400, 541, 46, 46, 1.0]
[486, 567, 45, 45, 1.0]
