1_Handshaking_Handshaking_1_579.jpg
28
[32, 161, 27, 27, 1.0]
[890, 175, 27, 27, 1.0]
[376, 178, 25, 25, 1.0]
[243, 146, 26, 26, 1.0]
[528, 194, 29, 29, 1.0]
[634, 197, 29, 29, 1.0]
[527, 239, 29, 29, 1.0]
[625, 236, 32, 32, 1.0]
[494, 201, 27, 27, 1.0]
[148, 205, 28, 28, 1.0]
[584, 205, 27, 27, 1.0]
[268, 216, 33, 33, 1.0]
[86, 211, 28, 28, 1.0]
[175, 244, 30, 30, 1.0]
[304, 260, 27, 27, 1.0]
[854, 257, 34, 34, 1.0]
[380, 280, 30, 30, 1.0]
[584, 253, 34, 34, 1.0]
[170, 284, 28, 28, 1.0]
[643, 278, 41, 41, 1.0]
[748, 306, 33, 33, 1.0]
[438, 310, 34, 34, 1.0]
[527, 313, 36, 36, 1.0]
[623, 245, 79, 79, 1.0]
[772, 356, 36, 36, 1.0]
[672, 368, 37, 37, 1.0]
[595, 420, 43, 43, 1.0]
[374, 336, 118, 118, 1.0]
