6_Funeral_Funeral_6_180.jpg
24
[248, 10, 32, 32, 1.0]
[276, 49, 35, 35, 1.0]
[161, 72, 40, 40, 1.0]
[816, 6, 35, 35, 1.0]
[982, 42, 32, 32, 1.0]
[7, 13, 32, 32, 1.0]
[129, 2, 34, 34, 1.0]
[860, 32, 34, 34, 1.0]
[286, 82, 40, 40, 1.0]
[577, 13, 35, 35, 1.0]
[777, 51, 47, 47, 1.0]
[36, 54, 44, 44, 1.0]
[911, 46, 49, 49, 1.0]
[950, 111, 49, 49, 1.0]
[433, 95, 47, 47, 1.0]
[843, 110, 51, 51, 1.0]
[623, 31, 52, 52, 1.0]
[313, 151, 37, 37, 1.0]
[201, 154, 32, 32, 1.0]
[758, 27, 33, 33, 1.0]
[419, 115, 55, 55, 1.0]
[699, 154, 57, 57, 1.0]
[61, 162, 49, 49, 1.0]
[282, 446, 113, 113, 1.0]
