6_Funeral_Funeral_6_27.jpg
27
[560, 66, 24, 24, 1.0]
[965, 110, 26, 26, 1.0]
[850, 107, 25, 25, 1.0]
[618, 136, 27, 27, 1.0]
[581, 143, 25, 25, 1.0]
[924, 144, 26, 26, 1.0]
[674, 156, 24, 24, 1.0]
[831, 156, 25, 25, 1.0]
[780, 159, 26, 26, 1.0]
[846, 175, 27, 27, 1.0]
[694, 178, 26, 26, 1.0]
[748, 197, 26, 26, 1.0]
[505, 205, 26, 26, 1.0]
[303, 207, 27, 27, 1.0]
[871, 210, 26, 26, 1.0]
[770, 224, 27, 27, 1.0]
[546, 226, 25, 25, 1.0]
[416, 228, 27, 27, 1.0]
[974, 246, 26, 26, 1.0]
[848, 238, 26, 26, 1.0]
[437, 253, 27, 27, 1.0]
[569, 257, 25, 25, 1.0]
[869, 262, 25, 25, 1.0]
[509, 266, 26, 26, 1.0]
[700, 289, 26, 26, 1.0]
[638, 278, 25, 25, 1.0]
[843, 311, 74, 74, 1.0]
