6_Funeral_Funeral_6_259.jpg
23
[870, 90, 27, 27, 1.0]
[826, 89, 29, 29, 1.0]
[581, 39, 31, 31, 1.0]
[360, 94, 31, 31, 1.0]
[971, 80, 30, 30, 1.0]
[765, 104, 32, 32, 1.0]
[225, 75, 34, 34, 1.0]
[307, 98, 37, 37, 1.0]
[257, 103, 37, 37, 1.0]
[125, 120, 51, 51, 1.0]
[428, 65, 34, 34, 1.0]
[24, 108, 53, 53, 1.0]
[362, 144, 25, 25, 1.0]
[922, 175, 40, 40, 1.0]
[230, 202, 51, 51, 1.0]
[141, 198, 57, 57, 1.0]
[226, 180, 54, 54, 1.0]
[0, 234, 52, 52, 1.0]
[886, 247, 66, 66, 1.0]
[818, 267, 51, 51, 1.0]
[504, 293, 30, 30, 1.0]
[321, 208, 78, 78, 1.0]
[1, 299, 34, 34, 1.0]
