6_Funeral_Funeral_6_216.jpg
22
[149, 44, 26, 26, 1.0]
[580, 87, 26, 26, 1.0]
[935, 23, 25, 25, 1.0]
[423, 42, 27, 27, 1.0]
[391, 68, 28, 28, 1.0]
[798, 3, 25, 25, 1.0]
[985, 42, 27, 27, 1.0]
[310, 70, 27, 27, 1.0]
[215, 12, 25, 25, 1.0]
[972, 97, 26, 26, 1.0]
[729, 33, 26, 26, 1.0]
[843, 76, 25, 25, 1.0]
[672, 14, 25, 25, 1.0]
[57, 80, 26, 26, 1.0]
[627, 85, 27, 27, 1.0]
[750, 118, 29, 29, 1.0]
[905, 122, 27, 27, 1.0]
[151, 123, 27, 27, 1.0]
[718, 43, 42, 42, 1.0]
[983, 121, 32, 32, 1.0]
[138, 80, 58, 58, 1.0]
[870, 149, 101, 101, 1.0]
