6_Funeral_Funeral_6_792.jpg
35
[335, 78, 31, 31, 1.0]
[440, 19, 32, 32, 1.0]
[517, 57, 38, 38, 1.0]
[985, 61, 30, 30, 1.0]
[161, 22, 34, 34, 1.0]
[760, 65, 27, 27, 1.0]
[196, 64, 33, 33, 1.0]
[53, 31, 32, 32, 1.0]
[259, 88, 42, 42, 1.0]
[78, 78, 38, 38, 1.0]
[638, 113, 32, 32, 1.0]
[25, 87, 32, 32, 1.0]
[82, 12, 39, 39, 1.0]
[288, 24, 35, 35, 1.0]
[570, 41, 38, 38, 1.0]
[386, 76, 46, 46, 1.0]
[938, 74, 32, 32, 1.0]
[542, 95, 40, 40, 1.0]
[363, 50, 36, 36, 1.0]
[679, 140, 37, 37, 1.0]
[518, 76, 50, 50, 1.0]
[956, 115, 40, 40, 1.0]
[749, 146, 37, 37, 1.0]
[945, 159, 27, 27, 1.0]
[626, 163, 34, 34, 1.0]
[918, 165, 30, 30, 1.0]
[771, 195, 43, 43, 1.0]
[426, 220, 34, 34, 1.0]
[619, 221, 36, 36, 1.0]
[348, 229, 31, 31, 1.0]
[909, 229, 32, 32, 1.0]
[659, 193, 64, 64, 1.0]
[582, 237, 38, 38, 1.0]
[490, 304, 215, 215, 1.0]
[882, 392, 35, 35, 1.0]
