6_Funeral_Funeral_6_996.jpg
19
[732, 98, 94, 94, 1.0]
[251, 201, 105, 105, 1.0]
[323, 394, 161, 161, 1.0]
[681, 1484, 147, 147, 1.0]
[612, 2702, 40, 40, 1.0]
[646, 2808, 48, 48, 1.0]
[728, 2949, 50, 50, 1.0]
[294, 2678, 43, 43, 1.0]
[290, 2824, 51, 51, 1.0]
[202, 2836, 60, 60, 1.0]
[527, 2791, 50, 50, 1.0]
[505, 3032, 35, 35, 1.0]
[213, 2696, 48, 48, 1.0]
[735, 2706, 46, 46, 1.0]
[454, 2710, 50, 50, 1.0]
[278, 2997, 49, 49, 1.0]
[503, 3003, 41, 41, 1.0]
[654, 2988, 46, 46, 1.0]
[546, 2999, 200, 200, 1.0]
