6_Funeral_Funeral_6_759.jpg
35
793 100 34 34 1.0
963 101 28 28 1.0
433 77 30 30 1.0
600 81 34 34 1.0
380 17 33 33 1.0
687 52 36 36 1.0
492 31 38 38 1.0
190 4 33 33 1.0
324 92 36 36 1.0
631 29 31 31 1.0
355 56 38 38 1.0
797 31 35 35 1.0
67 170 45 45 1.0
948 145 44 44 1.0
338 183 34 34 1.0
447 2 36 36 1.0
436 162 44 44 1.0
562 12 34 34 1.0
10 96 35 35 1.0
378 116 40 40 1.0
120 16 37 37 1.0
117 93 42 42 1.0
638 182 60 60 1.0
772 213 41 41 1.0
252 159 57 57 1.0
949 215 45 45 1.0
716 89 50 50 1.0
711 33 68 68 1.0
846 276 36 36 1.0
738 355 34 34 1.0
490 260 49 49 1.0
120 280 39 39 1.0
889 286 50 50 1.0
317 277 54 54 1.0
740 343 56 56 1.0
