2_Demonstration_Political_Rally_2_18.jpg
30
262 204 26 26 1.0
37 238 25 25 1.0
87 264 25 25 1.0
100 238 25 25 1.0
20 257 25 25 1.0
220 274 28 28 1.0
311 260 27 27 1.0
132 294 25 25 1.0
65 337 24 24 1.0
183 306 24 24 1.0
350 343 26 26 1.0
235 308 26 26 1.0
166 333 25 25 1.0
297 333 26 26 1.0
9 354 26 26 1.0
482 360 25 25 1.0
268 394 28 28 1.0
524 396 28 28 1.0
478 401 24 24 1.0
156 408 25 25 1.0
242 421 25 25 1.0
419 427 25 25 1.0
378 436 26 26 1.0
314 437 26 26 1.0
621 454 26 26 1.0
20 460 27 27 1.0
859 446 27 27 1.0
39 448 25 25 1.0
496 448 27 27 1.0
169 450 28 28 1.0
