34_Baseball_Baseball_34_565.jpg
20
[299, 321, 32, 32, 1.0]
[508, 300, 33, 33, 1.0]
[394, 315, 34, 34, 1.0]
[166, 339, 33, 33, 1.0]
[606, 304, 38, 38, 1.0]
[830, 314, 35, 35, 1.0]
[717, 311, 38, 38, 1.0]
[340, 387, 37, 37, 1.0]
[122, 395, 36, 36, 1.0]
[574, 392, 36, 36, 1.0]
[453, 394, 36, 36, 1.0]
[878, 397, 35, 35, 1.0]
[231, 402, 34, 34, 1.0]
[768, 402, 32, 32, 1.0]
[665, 405, 33, 33, 1.0]
[386, 407, 57, 57, 1.0]
[445, 485, 36, 36, 1.0]
[314, 473, 94, 94, 1.0]
[342, 539, 34, 34, 1.0]
[536, 531, 36, 36, 1.0]
