36_Football_americanfootball_ball_36_528.jpg
25
[542, 38, 55, 55, 1.0]
[818, 172, 37, 37, 1.0]
[247, 188, 34, 34, 1.0]
[470, 175, 40, 40, 1.0]
[703, 181, 34, 34, 1.0]
[575, 180, 40, 40, 1.0]
[366, 195, 33, 33, 1.0]
[153, 198, 31, 31, 1.0]
[660, 270, 45, 45, 1.0]
[547, 276, 38, 38, 1.0]
[778, 280, 37, 37, 1.0]
[437, 280, 48, 48, 1.0]
[328, 299, 40, 40, 1.0]
[868, 353, 34, 34, 1.0]
[213, 360, 38, 38, 1.0]
[162, 444, 57, 57, 1.0]
[255, 560, 46, 46, 1.0]
[642, 560, 45, 45, 1.0]
[766, 563, 36, 36, 1.0]
[384, 561, 51, 51, 1.0]
[516, 564, 40, 40, 1.0]
[140, 577, 46, 46, 1.0]
[36, 580, 42, 42, 1.0]
[860, 582, 42, 42, 1.0]
[946, 578, 44, 44, 1.0]
