36_Football_Football_36_157.jpg
29
230 76 28 28 1.0
334 102 26 26 1.0
299 158 25 25 1.0
390 80 26 26 1.0
540 29 26 26 1.0
563 106 26 26 1.0
782 56 27 27 1.0
666 33 26 26 1.0
541 108 25 25 1.0
18 215 26 26 1.0
576 84 25 25 1.0
960 136 25 25 1.0
865 84 31 31 1.0
408 138 25 25 1.0
71 196 26 26 1.0
873 171 27 27 1.0
612 73 26 26 1.0
605 142 28 28 1.0
506 175 27 27 1.0
752 117 26 26 1.0
161 203 26 26 1.0
155 176 26 26 1.0
575 4 29 29 1.0
333 178 25 25 1.0
531 73 30 30 1.0
40 254 29 29 1.0
139 94 29 29 1.0
46 128 28 28 1.0
617 558 53 53 1.0
