36_Football_americanfootball_ball_36_116.jpg
27
[106, 81, 28, 28, 1.0]
[503, 67, 29, 29, 1.0]
[371, 56, 28, 28, 1.0]
[292, 70, 28, 28, 1.0]
[334, 85, 28, 28, 1.0]
[907, 57, 26, 26, 1.0]
[181, 87, 27, 27, 1.0]
[810, 58, 28, 28, 1.0]
[636, 72, 28, 28, 1.0]
[662, 52, 27, 27, 1.0]
[709, 88, 29, 29, 1.0]
[857, 77, 26, 26, 1.0]
[466, 63, 28, 28, 1.0]
[735, 64, 28, 28, 1.0]
[417, 78, 28, 28, 1.0]
[249, 94, 27, 27, 1.0]
[804, 106, 30, 30, 1.0]
[804, 154, 28, 28, 1.0]
[402, 155, 29, 29, 1.0]
[643, 147, 29, 29, 1.0]
[566, 156, 30, 30, 1.0]
[483, 163, 27, 27, 1.0]
[721, 161, 30, 30, 1.0]
[77, 163, 31, 31, 1.0]
[156, 177, 29, 29, 1.0]
[230, 181, 30, 30, 1.0]
[221, 140, 74, 74, 1.0]
