36_Football_americanfootball_ball_36_572.jpg
34
[888, 300, 27, 27, 1.0]
[924, 300, 26, 26, 1.0]
[767, 308, 26, 26, 1.0]
[842, 306, 28, 28, 1.0]
[324, 310, 26, 26, 1.0]
[90, 313, 25, 25, 1.0]
[206, 313, 26, 26, 1.0]
[161, 318, 26, 26, 1.0]
[661, 319, 24, 24, 1.0]
[57, 320, 26, 26, 1.0]
[458, 320, 24, 24, 1.0]
[710, 322, 26, 26, 1.0]
[134, 323, 26, 26, 1.0]
[375, 323, 26, 26, 1.0]
[425, 328, 26, 26, 1.0]
[316, 354, 26, 26, 1.0]
[880, 367, 26, 26, 1.0]
[126, 378, 28, 28, 1.0]
[332, 381, 25, 25, 1.0]
[793, 374, 29, 29, 1.0]
[544, 381, 26, 26, 1.0]
[386, 382, 26, 26, 1.0]
[940, 375, 29, 29, 1.0]
[254, 385, 25, 25, 1.0]
[225, 384, 28, 28, 1.0]
[460, 386, 27, 27, 1.0]
[486, 403, 26, 26, 1.0]
[586, 406, 27, 27, 1.0]
[657, 415, 27, 27, 1.0]
[352, 435, 26, 26, 1.0]
[137, 412, 35, 35, 1.0]
[490, 456, 26, 26, 1.0]
[154, 460, 28, 28, 1.0]
[4, 346, 151, 151, 1.0]
