21_Festival_Festival_21_822.jpg
24
[109, 359, 26, 26, 1.0]
[769, 370, 25, 25, 1.0]
[704, 372, 25, 25, 1.0]
[447, 399, 31, 31, 1.0]
[809, 407, 25, 25, 1.0]
[778, 410, 25, 25, 1.0]
[559, 414, 26, 26, 1.0]
[436, 447, 29, 29, 1.0]
[134, 461, 27, 27, 1.0]
[208, 420, 33, 33, 1.0]
[236, 437, 30, 30, 1.0]
[15, 458, 28, 28, 1.0]
[316, 509, 42, 42, 1.0]
[601, 549, 36, 36, 1.0]
[210, 553, 43, 43, 1.0]
[977, 559, 36, 36, 1.0]
[124, 561, 52, 52, 1.0]
[163, 545, 39, 39, 1.0]
[737, 563, 49, 49, 1.0]
[400, 566, 47, 47, 1.0]
[336, 575, 47, 47, 1.0]
[793, 623, 31, 31, 1.0]
[584, 604, 39, 39, 1.0]
[53, 550, 55, 55, 1.0]
