21_Festival_Festival_21_74.jpg
21
[144, 290, 32, 32, 1.0]
[86, 308, 27, 27, 1.0]
[17, 309, 29, 29, 1.0]
[743, 343, 32, 32, 1.0]
[388, 329, 34, 34, 1.0]
[91, 377, 44, 44, 1.0]
[569, 377, 43, 43, 1.0]
[316, 377, 47, 47, 1.0]
[367, 412, 47, 47, 1.0]
[707, 419, 39, 39, 1.0]
[69, 431, 48, 48, 1.0]
[395, 464, 24, 24, 1.0]
[910, 441, 58, 58, 1.0]
[483, 485, 56, 56, 1.0]
[399, 489, 56, 56, 1.0]
[809, 475, 61, 61, 1.0]
[128, 462, 66, 66, 1.0]
[546, 476, 60, 60, 1.0]
[932, 501, 75, 75, 1.0]
[27, 521, 89, 89, 1.0]
[686, 458, 59, 59, 1.0]
