21_Festival_Festival_21_335.jpg
23
[80, 220, 54, 54, 1.0]
[652, 318, 26, 26, 1.0]
[611, 316, 25, 25, 1.0]
[130, 324, 24, 24, 1.0]
[702, 357, 30, 30, 1.0]
[130, 364, 28, 28, 1.0]
[436, 389, 32, 32, 1.0]
[663, 380, 33, 33, 1.0]
[189, 388, 37, 37, 1.0]
[705, 286, 52, 52, 1.0]
[409, 417, 32, 32, 1.0]
[585, 402, 34, 34, 1.0]
[565, 524, 26, 26, 1.0]
[782, 429, 39, 39, 1.0]
[153, 456, 35, 35, 1.0]
[684, 486, 44, 44, 1.0]
[652, 450, 46, 46, 1.0]
[458, 463, 46, 46, 1.0]
[50, 480, 50, 50, 1.0]
[125, 498, 55, 55, 1.0]
[780, 503, 52, 52, 1.0]
[314, 486, 62, 62, 1.0]
[645, 516, 59, 59, 1.0]
