21_Festival_Festival_21_590.jpg
25
[490, 103, 60, 60, 1.0]
[776, 245, 29, 29, 1.0]
[970, 268, 28, 28, 1.0]
[656, 246, 29, 29, 1.0]
[208, 148, 57, 57, 1.0]
[75, 266, 31, 31, 1.0]
[720, 268, 30, 30, 1.0]
[481, 251, 37, 37, 1.0]
[835, 299, 40, 40, 1.0]
[18, 285, 39, 39, 1.0]
[752, 185, 68, 68, 1.0]
[632, 149, 60, 60, 1.0]
[31, 332, 48, 48, 1.0]
[840, 344, 40, 40, 1.0]
[727, 331, 46, 46, 1.0]
[935, 349, 53, 53, 1.0]
[514, 379, 50, 50, 1.0]
[127, 413, 36, 36, 1.0]
[816, 388, 51, 51, 1.0]
[435, 401, 58, 58, 1.0]
[222, 410, 59, 59, 1.0]
[800, 431, 63, 63, 1.0]
[293, 438, 59, 59, 1.0]
[714, 558, 66, 66, 1.0]
[5, 584, 78, 78, 1.0]
