21_Festival_Festival_21_150.jpg
49
[950, 286, 51, 51, 1.0]
[949, 268, 50, 50, 1.0]
[959, 136, 54, 54, 1.0]
[960, 118, 50, 50, 1.0]
[618, 100, 57, 57, 1.0]
[952, 323, 50, 50, 1.0]
[944, 340, 56, 56, 1.0]
[939, 452, 48, 48, 1.0]
[943, 430, 50, 50, 1.0]
[290, 662, 28, 28, 1.0]
[368, 702, 33, 33, 1.0]
[527, 705, 34, 34, 1.0]
[989, 706, 32, 32, 1.0]
[264, 771, 26, 26, 1.0]
[790, 709, 30, 30, 1.0]
[858, 728, 26, 26, 1.0]
[894, 728, 31, 31, 1.0]
[145, 729, 36, 36, 1.0]
[378, 806, 28, 28, 1.0]
[39, 740, 34, 34, 1.0]
[199, 741, 36, 36, 1.0]
[672, 741, 30, 30, 1.0]
[830, 741, 31, 31, 1.0]
[577, 697, 36, 36, 1.0]
[633, 888, 37, 37, 1.0]
[97, 894, 45, 45, 1.0]
[734, 866, 34, 34, 1.0]
[248, 707, 37, 37, 1.0]
[853, 759, 38, 38, 1.0]
[284, 715, 38, 38, 1.0]
[673, 925, 38, 38, 1.0]
[692, 744, 37, 37, 1.0]
[239, 750, 36, 36, 1.0]
[780, 747, 40, 40, 1.0]
[251, 942, 34, 34, 1.0]
[911, 652, 75, 75, 1.0]
[785, 972, 36, 36, 1.0]
[450, 962, 30, 30, 1.0]
[22, 981, 32, 32, 1.0]
[312, 712, 57, 57, 1.0]
[354, 933, 36, 36, 1.0]
[336, 978, 36, 36, 1.0]
[680, 980, 35, 35, 1.0]
[905, 937, 37, 37, 1.0]
[73, 967, 38, 38, 1.0]
[727, 705, 54, 54, 1.0]
[719, 912, 80, 80, 1.0]
[83, 712, 72, 72, 1.0]
[711, 943, 83, 83, 1.0]
