20_Family_Group_Family_Group_20_633.jpg
24
[490, 114, 42, 42, 1.0]
[383, 115, 48, 48, 1.0]
[587, 115, 47, 47, 1.0]
[805, 115, 48, 48, 1.0]
[202, 140, 37, 37, 1.0]
[285, 134, 43, 43, 1.0]
[545, 206, 50, 50, 1.0]
[864, 235, 38, 38, 1.0]
[414, 195, 51, 51, 1.0]
[223, 218, 44, 44, 1.0]
[643, 203, 46, 46, 1.0]
[756, 216, 41, 41, 1.0]
[693, 117, 45, 45, 1.0]
[311, 216, 45, 45, 1.0]
[486, 291, 54, 54, 1.0]
[371, 306, 43, 43, 1.0]
[594, 312, 45, 45, 1.0]
[253, 317, 52, 52, 1.0]
[167, 320, 42, 42, 1.0]
[819, 322, 45, 45, 1.0]
[709, 322, 49, 49, 1.0]
[913, 323, 45, 45, 1.0]
[76, 328, 46, 46, 1.0]
[362, 531, 31, 31, 1.0]
