20_Family_Group_Family_Group_20_769.jpg
28
[443, 233, 28, 28, 1.0]
[521, 259, 29, 29, 1.0]
[866, 240, 32, 32, 1.0]
[246, 269, 30, 30, 1.0]
[571, 252, 30, 30, 1.0]
[694, 252, 31, 31, 1.0]
[719, 255, 29, 29, 1.0]
[603, 268, 31, 31, 1.0]
[157, 281, 34, 34, 1.0]
[310, 286, 32, 32, 1.0]
[467, 273, 36, 36, 1.0]
[428, 294, 29, 29, 1.0]
[362, 267, 33, 33, 1.0]
[226, 368, 31, 31, 1.0]
[395, 371, 28, 28, 1.0]
[314, 376, 34, 34, 1.0]
[811, 344, 28, 28, 1.0]
[725, 354, 29, 29, 1.0]
[896, 383, 29, 29, 1.0]
[479, 352, 33, 33, 1.0]
[557, 357, 30, 30, 1.0]
[136, 414, 36, 36, 1.0]
[773, 461, 31, 31, 1.0]
[382, 514, 47, 47, 1.0]
[393, 523, 28, 28, 1.0]
[508, 510, 33, 33, 1.0]
[298, 512, 35, 35, 1.0]
[316, 612, 72, 72, 1.0]
