20_Family_Group_Family_Group_20_565.jpg
27
[636, 287, 30, 30, 1.0]
[715, 270, 28, 28, 1.0]
[484, 314, 31, 31, 1.0]
[825, 291, 31, 31, 1.0]
[508, 274, 31, 31, 1.0]
[335, 274, 32, 32, 1.0]
[239, 298, 32, 32, 1.0]
[441, 279, 30, 30, 1.0]
[559, 301, 31, 31, 1.0]
[752, 303, 32, 32, 1.0]
[736, 280, 28, 28, 1.0]
[788, 282, 29, 29, 1.0]
[104, 264, 36, 36, 1.0]
[428, 308, 32, 32, 1.0]
[153, 290, 37, 37, 1.0]
[889, 259, 36, 36, 1.0]
[236, 357, 30, 30, 1.0]
[604, 361, 31, 31, 1.0]
[313, 364, 30, 30, 1.0]
[821, 265, 62, 62, 1.0]
[496, 368, 30, 30, 1.0]
[694, 398, 33, 33, 1.0]
[417, 379, 30, 30, 1.0]
[341, 486, 32, 32, 1.0]
[809, 416, 69, 69, 1.0]
[837, 479, 55, 55, 1.0]
[757, 460, 58, 58, 1.0]
