20_Family_Group_Family_Group_20_338.jpg
37
[568, 47, 57, 57, 1.0]
[847, 71, 55, 55, 1.0]
[633, 200, 54, 54, 1.0]
[886, 163, 59, 59, 1.0]
[234, 151, 58, 58, 1.0]
[402, 120, 72, 72, 1.0]
[296, 178, 83, 83, 1.0]
[772, 105, 62, 62, 1.0]
[133, 92, 82, 82, 1.0]
[662, 109, 67, 67, 1.0]
[745, 129, 72, 72, 1.0]
[221, 120, 91, 91, 1.0]
[352, 66, 196, 196, 1.0]
[817, 483, 25, 25, 1.0]
[795, 519, 24, 24, 1.0]
[890, 492, 27, 27, 1.0]
[415, 415, 64, 64, 1.0]
[517, 470, 51, 51, 1.0]
[100, 423, 66, 66, 1.0]
[132, 458, 55, 55, 1.0]
[594, 495, 69, 69, 1.0]
[131, 496, 65, 65, 1.0]
[793, 517, 66, 66, 1.0]
[458, 583, 63, 63, 1.0]
[699, 745, 34, 34, 1.0]
[824, 742, 32, 32, 1.0]
[766, 745, 32, 32, 1.0]
[308, 617, 61, 61, 1.0]
[820, 816, 34, 34, 1.0]
[693, 824, 32, 32, 1.0]
[747, 812, 47, 47, 1.0]
[740, 881, 42, 42, 1.0]
[658, 899, 38, 38, 1.0]
[904, 860, 37, 37, 1.0]
[777, 916, 28, 28, 1.0]
[712, 926, 31, 31, 1.0]
[258, 849, 162, 162, 1.0]
