20_Family_Group_Family_Group_20_617.jpg
30
[73, 120, 26, 26, 1.0]
[781, 72, 29, 29, 1.0]
[553, 146, 26, 26, 1.0]
[949, 151, 25, 25, 1.0]
[173, 110, 24, 24, 1.0]
[441, 156, 25, 25, 1.0]
[903, 83, 26, 26, 1.0]
[23, 112, 28, 28, 1.0]
[837, 84, 28, 28, 1.0]
[98, 113, 26, 26, 1.0]
[705, 163, 25, 25, 1.0]
[284, 163, 26, 26, 1.0]
[322, 89, 27, 27, 1.0]
[358, 133, 27, 27, 1.0]
[553, 91, 26, 26, 1.0]
[191, 183, 29, 29, 1.0]
[78, 248, 30, 30, 1.0]
[398, 478, 26, 26, 1.0]
[332, 464, 27, 27, 1.0]
[596, 505, 26, 26, 1.0]
[237, 469, 27, 27, 1.0]
[714, 473, 26, 26, 1.0]
[288, 475, 25, 25, 1.0]
[557, 531, 24, 24, 1.0]
[430, 531, 26, 26, 1.0]
[318, 512, 26, 26, 1.0]
[956, 543, 25, 25, 1.0]
[283, 553, 27, 27, 1.0]
[830, 556, 25, 25, 1.0]
[232, 565, 28, 28, 1.0]
