20_Family_Group_Family_Group_20_722.jpg
28
[557, 252, 37, 37, 1.0]
[171, 262, 40, 40, 1.0]
[940, 285, 34, 34, 1.0]
[429, 294, 29, 29, 1.0]
[817, 266, 39, 39, 1.0]
[395, 310, 33, 33, 1.0]
[680, 275, 42, 42, 1.0]
[306, 269, 35, 35, 1.0]
[42, 278, 43, 43, 1.0]
[222, 305, 40, 40, 1.0]
[794, 305, 43, 43, 1.0]
[642, 310, 46, 46, 1.0]
[733, 368, 37, 37, 1.0]
[583, 341, 29, 29, 1.0]
[484, 375, 39, 39, 1.0]
[866, 378, 35, 35, 1.0]
[27, 350, 42, 42, 1.0]
[509, 318, 46, 46, 1.0]
[981, 384, 41, 41, 1.0]
[420, 389, 44, 44, 1.0]
[90, 390, 48, 48, 1.0]
[246, 411, 50, 50, 1.0]
[564, 417, 49, 49, 1.0]
[844, 426, 40, 40, 1.0]
[903, 337, 36, 36, 1.0]
[954, 337, 40, 40, 1.0]
[101, 324, 39, 39, 1.0]
[185, 348, 44, 44, 1.0]
