20_Family_Group_Family_Group_20_163.jpg
48
[458, 119, 24, 24, 1.0]
[871, 120, 27, 27, 1.0]
[141, 123, 26, 26, 1.0]
[203, 153, 27, 27, 1.0]
[746, 156, 25, 25, 1.0]
[180, 162, 26, 26, 1.0]
[127, 159, 25, 25, 1.0]
[347, 161, 25, 25, 1.0]
[560, 158, 26, 26, 1.0]
[83, 172, 27, 27, 1.0]
[722, 175, 24, 24, 1.0]
[921, 174, 26, 26, 1.0]
[785, 174, 29, 29, 1.0]
[856, 184, 27, 27, 1.0]
[318, 200, 26, 26, 1.0]
[48, 189, 27, 27, 1.0]
[278, 218, 26, 26, 1.0]
[837, 221, 27, 27, 1.0]
[377, 221, 28, 28, 1.0]
[527, 222, 27, 27, 1.0]
[789, 225, 26, 26, 1.0]
[153, 228, 27, 27, 1.0]
[440, 226, 27, 27, 1.0]
[215, 228, 28, 28, 1.0]
[481, 229, 26, 26, 1.0]
[579, 230, 26, 26, 1.0]
[257, 239, 27, 27, 1.0]
[638, 239, 25, 25, 1.0]
[674, 239, 26, 26, 1.0]
[726, 243, 27, 27, 1.0]
[109, 247, 28, 28, 1.0]
[755, 252, 27, 27, 1.0]
[134, 256, 29, 29, 1.0]
[911, 234, 34, 34, 1.0]
[824, 258, 28, 28, 1.0]
[884, 258, 30, 30, 1.0]
[54, 275, 29, 29, 1.0]
[910, 292, 30, 30, 1.0]
[322, 307, 26, 26, 1.0]
[446, 310, 26, 26, 1.0]
[583, 308, 27, 27, 1.0]
[675, 334, 29, 29, 1.0]
[156, 338, 27, 27, 1.0]
[638, 353, 26, 26, 1.0]
[565, 346, 25, 25, 1.0]
[91, 366, 29, 29, 1.0]
[256, 338, 63, 63, 1.0]
[702, 376, 29, 29, 1.0]
