20_Family_Group_Family_Group_20_472.jpg
22
[440, 200, 26, 26, 1.0]
[327, 258, 31, 31, 1.0]
[848, 235, 30, 30, 1.0]
[698, 215, 29, 29, 1.0]
[471, 236, 32, 32, 1.0]
[792, 226, 32, 32, 1.0]
[522, 274, 35, 35, 1.0]
[70, 199, 53, 53, 1.0]
[831, 305, 39, 39, 1.0]
[711, 310, 34, 34, 1.0]
[747, 317, 40, 40, 1.0]
[324, 324, 42, 42, 1.0]
[419, 329, 35, 35, 1.0]
[654, 323, 36, 36, 1.0]
[244, 334, 33, 33, 1.0]
[157, 336, 35, 35, 1.0]
[693, 401, 31, 31, 1.0]
[260, 381, 33, 33, 1.0]
[340, 400, 35, 35, 1.0]
[614, 408, 34, 34, 1.0]
[413, 364, 43, 43, 1.0]
[313, 331, 93, 93, 1.0]
