20_Family_Group_Family_Group_20_883.jpg
26
[183, 277, 46, 46, 1.0]
[58, 279, 58, 58, 1.0]
[131, 303, 44, 44, 1.0]
[272, 326, 44, 44, 1.0]
[435, 335, 39, 39, 1.0]
[356, 341, 39, 39, 1.0]
[580, 336, 38, 38, 1.0]
[724, 346, 44, 44, 1.0]
[783, 354, 40, 40, 1.0]
[666, 349, 44, 44, 1.0]
[944, 323, 60, 60, 1.0]
[559, 315, 80, 80, 1.0]
[855, 337, 50, 50, 1.0]
[78, 423, 57, 57, 1.0]
[49, 475, 30, 30, 1.0]
[740, 389, 52, 52, 1.0]
[456, 439, 69, 69, 1.0]
[818, 414, 77, 77, 1.0]
[568, 491, 76, 76, 1.0]
[499, 487, 65, 65, 1.0]
[416, 517, 62, 62, 1.0]
[136, 496, 84, 84, 1.0]
[328, 479, 72, 72, 1.0]
[727, 518, 79, 79, 1.0]
[353, 570, 54, 54, 1.0]
[231, 551, 84, 84, 1.0]
