20_Family_Group_Family_Group_20_159.jpg
24
[817, 197, 29, 29, 1.0]
[302, 217, 28, 28, 1.0]
[616, 219, 28, 28, 1.0]
[697, 221, 26, 26, 1.0]
[756, 205, 29, 29, 1.0]
[183, 223, 27, 27, 1.0]
[660, 210, 27, 27, 1.0]
[409, 227, 26, 26, 1.0]
[535, 213, 27, 27, 1.0]
[213, 230, 29, 29, 1.0]
[485, 229, 29, 29, 1.0]
[368, 257, 27, 27, 1.0]
[114, 231, 36, 36, 1.0]
[548, 264, 28, 28, 1.0]
[278, 237, 28, 28, 1.0]
[359, 211, 30, 30, 1.0]
[312, 277, 27, 27, 1.0]
[704, 287, 27, 27, 1.0]
[328, 304, 32, 32, 1.0]
[458, 292, 27, 27, 1.0]
[635, 291, 30, 30, 1.0]
[601, 297, 26, 26, 1.0]
[526, 297, 30, 30, 1.0]
[837, 564, 70, 70, 1.0]
