20_Family_Group_Family_Group_20_865.jpg
21
[597, 121, 43, 43, 1.0]
[406, 128, 40, 40, 1.0]
[708, 113, 45, 45, 1.0]
[494, 158, 39, 39, 1.0]
[323, 144, 44, 44, 1.0]
[546, 228, 37, 37, 1.0]
[786, 205, 66, 66, 1.0]
[220, 240, 35, 35, 1.0]
[158, 248, 46, 46, 1.0]
[798, 240, 44, 44, 1.0]
[386, 259, 41, 41, 1.0]
[661, 285, 43, 43, 1.0]
[862, 286, 36, 36, 1.0]
[272, 289, 42, 42, 1.0]
[482, 268, 44, 44, 1.0]
[399, 323, 33, 33, 1.0]
[208, 344, 37, 37, 1.0]
[608, 341, 46, 46, 1.0]
[744, 330, 43, 43, 1.0]
[726, 400, 34, 34, 1.0]
[909, 396, 60, 60, 1.0]
