20_Family_Group_Family_Group_20_223.jpg
19
[908, 255, 40, 40, 1.0]
[516, 262, 37, 37, 1.0]
[655, 250, 43, 43, 1.0]
[112, 281, 34, 34, 1.0]
[356, 288, 39, 39, 1.0]
[696, 211, 61, 61, 1.0]
[488, 356, 41, 41, 1.0]
[757, 343, 36, 36, 1.0]
[570, 332, 34, 34, 1.0]
[102, 256, 338, 338, 1.0]
[325, 437, 35, 35, 1.0]
[401, 441, 36, 36, 1.0]
[801, 428, 47, 47, 1.0]
[657, 387, 49, 49, 1.0]
[538, 477, 47, 47, 1.0]
[247, 397, 46, 46, 1.0]
[459, 407, 42, 42, 1.0]
[526, 536, 51, 51, 1.0]
[554, 376, 76, 76, 1.0]
