20_Family_Group_Family_Group_20_89.jpg
23
[455, 107, 34, 34, 1.0]
[568, 112, 38, 38, 1.0]
[395, 97, 35, 35, 1.0]
[207, 128, 30, 30, 1.0]
[287, 124, 37, 37, 1.0]
[505, 91, 40, 40, 1.0]
[601, 81, 39, 39, 1.0]
[749, 78, 50, 50, 1.0]
[805, 115, 51, 51, 1.0]
[658, 122, 42, 42, 1.0]
[372, 140, 34, 34, 1.0]
[127, 106, 45, 45, 1.0]
[937, 130, 54, 54, 1.0]
[574, 214, 39, 39, 1.0]
[699, 146, 47, 47, 1.0]
[480, 212, 39, 39, 1.0]
[152, 123, 104, 104, 1.0]
[365, 283, 41, 41, 1.0]
[280, 342, 38, 38, 1.0]
[646, 296, 46, 46, 1.0]
[494, 373, 43, 43, 1.0]
[383, 379, 40, 40, 1.0]
[162, 372, 48, 48, 1.0]
