20_Family_Group_Family_Group_20_950.jpg
26
[654, 56, 49, 49, 1.0]
[784, 59, 43, 43, 1.0]
[860, 23, 46, 46, 1.0]
[836, 79, 52, 52, 1.0]
[556, 90, 37, 37, 1.0]
[211, 92, 43, 43, 1.0]
[374, 84, 42, 42, 1.0]
[277, 105, 46, 46, 1.0]
[150, 115, 43, 43, 1.0]
[675, 135, 40, 40, 1.0]
[744, 122, 47, 47, 1.0]
[593, 130, 44, 44, 1.0]
[501, 154, 39, 39, 1.0]
[215, 158, 50, 50, 1.0]
[368, 158, 45, 45, 1.0]
[647, 184, 40, 40, 1.0]
[105, 183, 49, 49, 1.0]
[672, 156, 53, 53, 1.0]
[275, 185, 45, 45, 1.0]
[443, 188, 50, 50, 1.0]
[156, 181, 49, 49, 1.0]
[536, 218, 55, 55, 1.0]
[374, 246, 54, 54, 1.0]
[581, 264, 54, 54, 1.0]
[487, 237, 57, 57, 1.0]
[625, 369, 27, 27, 1.0]
