20_Family_Group_Family_Group_20_33.jpg
21
[434, 307, 30, 30, 1.0]
[632, 339, 34, 34, 1.0]
[321, 286, 39, 39, 1.0]
[467, 320, 34, 34, 1.0]
[166, 299, 36, 36, 1.0]
[356, 333, 35, 35, 1.0]
[660, 309, 34, 34, 1.0]
[548, 342, 28, 28, 1.0]
[452, 397, 41, 41, 1.0]
[592, 412, 45, 45, 1.0]
[216, 337, 39, 39, 1.0]
[890, 330, 46, 46, 1.0]
[825, 347, 31, 31, 1.0]
[741, 388, 38, 38, 1.0]
[85, 331, 42, 42, 1.0]
[115, 293, 51, 51, 1.0]
[788, 411, 40, 40, 1.0]
[692, 401, 45, 45, 1.0]
[345, 446, 48, 48, 1.0]
[546, 374, 49, 49, 1.0]
[521, 331, 97, 97, 1.0]
