20_Family_Group_Family_Group_20_784.jpg
22
[523, 342, 25, 25, 1.0]
[96, 366, 26, 26, 1.0]
[616, 341, 29, 29, 1.0]
[379, 370, 24, 24, 1.0]
[749, 346, 25, 25, 1.0]
[432, 370, 24, 24, 1.0]
[691, 348, 26, 26, 1.0]
[830, 352, 25, 25, 1.0]
[572, 353, 27, 27, 1.0]
[883, 355, 27, 27, 1.0]
[690, 406, 29, 29, 1.0]
[327, 410, 25, 25, 1.0]
[801, 412, 28, 28, 1.0]
[775, 361, 29, 29, 1.0]
[375, 428, 31, 31, 1.0]
[392, 509, 26, 26, 1.0]
[718, 521, 25, 25, 1.0]
[221, 534, 25, 25, 1.0]
[324, 535, 26, 26, 1.0]
[692, 341, 79, 79, 1.0]
[581, 545, 28, 28, 1.0]
[688, 548, 28, 28, 1.0]
