20_Family_Group_Family_Group_20_796.jpg
22
[691, 295, 26, 26, 1.0]
[299, 304, 28, 28, 1.0]
[836, 306, 26, 26, 1.0]
[229, 309, 26, 26, 1.0]
[168, 310, 29, 29, 1.0]
[630, 315, 26, 26, 1.0]
[788, 312, 26, 26, 1.0]
[363, 316, 26, 26, 1.0]
[394, 333, 25, 25, 1.0]
[327, 337, 25, 25, 1.0]
[604, 339, 24, 24, 1.0]
[675, 338, 27, 27, 1.0]
[244, 354, 26, 26, 1.0]
[172, 344, 27, 27, 1.0]
[496, 382, 26, 26, 1.0]
[659, 385, 28, 28, 1.0]
[426, 392, 29, 29, 1.0]
[193, 393, 29, 29, 1.0]
[267, 395, 27, 27, 1.0]
[581, 392, 30, 30, 1.0]
[747, 393, 28, 28, 1.0]
[342, 373, 43, 43, 1.0]
