20_Family_Group_Family_Group_20_684.jpg
29
[90, 23, 45, 45, 1.0]
[867, 24, 53, 53, 1.0]
[695, 79, 52, 52, 1.0]
[159, 48, 51, 51, 1.0]
[59, 67, 55, 55, 1.0]
[386, 37, 49, 49, 1.0]
[554, 45, 48, 48, 1.0]
[315, 22, 57, 57, 1.0]
[628, 45, 51, 51, 1.0]
[865, 137, 54, 54, 1.0]
[420, 100, 51, 51, 1.0]
[228, 49, 55, 55, 1.0]
[819, 112, 53, 53, 1.0]
[532, 113, 53, 53, 1.0]
[478, 40, 54, 54, 1.0]
[298, 108, 51, 51, 1.0]
[608, 116, 53, 53, 1.0]
[179, 123, 52, 52, 1.0]
[33, 162, 124, 124, 1.0]
[727, 216, 53, 53, 1.0]
[34, 262, 96, 96, 1.0]
[98, 346, 58, 58, 1.0]
[776, 364, 56, 56, 1.0]
[903, 381, 59, 59, 1.0]
[653, 387, 51, 51, 1.0]
[311, 368, 60, 60, 1.0]
[396, 388, 57, 57, 1.0]
[791, 285, 72, 72, 1.0]
[569, 379, 60, 60, 1.0]
