20_Family_Group_Family_Group_20_4.jpg
36
[880, 181, 33, 33, 1.0]
[846, 193, 29, 29, 1.0]
[750, 194, 31, 31, 1.0]
[556, 199, 27, 27, 1.0]
[876, 219, 30, 30, 1.0]
[339, 223, 25, 25, 1.0]
[355, 242, 27, 27, 1.0]
[484, 206, 27, 27, 1.0]
[118, 228, 26, 26, 1.0]
[419, 210, 27, 27, 1.0]
[60, 229, 26, 26, 1.0]
[271, 212, 25, 25, 1.0]
[176, 230, 26, 26, 1.0]
[215, 242, 32, 32, 1.0]
[306, 228, 28, 28, 1.0]
[530, 230, 26, 26, 1.0]
[616, 212, 29, 29, 1.0]
[681, 214, 30, 30, 1.0]
[265, 236, 26, 26, 1.0]
[802, 195, 32, 32, 1.0]
[382, 236, 28, 28, 1.0]
[904, 199, 41, 41, 1.0]
[757, 227, 34, 34, 1.0]
[578, 270, 30, 30, 1.0]
[486, 318, 27, 27, 1.0]
[102, 319, 28, 28, 1.0]
[297, 325, 31, 31, 1.0]
[673, 336, 32, 32, 1.0]
[504, 354, 26, 26, 1.0]
[200, 367, 25, 25, 1.0]
[694, 397, 36, 36, 1.0]
[432, 346, 31, 31, 1.0]
[845, 376, 44, 44, 1.0]
[803, 381, 36, 36, 1.0]
[455, 461, 27, 27, 1.0]
[562, 320, 73, 73, 1.0]
