20_Family_Group_Family_Group_20_403.jpg
28
[300, 395, 31, 31, 1.0]
[649, 409, 27, 27, 1.0]
[272, 412, 27, 27, 1.0]
[382, 414, 27, 27, 1.0]
[516, 413, 26, 26, 1.0]
[855, 436, 30, 30, 1.0]
[754, 420, 29, 29, 1.0]
[326, 426, 26, 26, 1.0]
[456, 425, 26, 26, 1.0]
[223, 400, 26, 26, 1.0]
[424, 400, 27, 27, 1.0]
[684, 427, 29, 29, 1.0]
[812, 456, 27, 27, 1.0]
[397, 487, 27, 27, 1.0]
[652, 505, 27, 27, 1.0]
[368, 509, 27, 27, 1.0]
[598, 508, 26, 26, 1.0]
[733, 512, 28, 28, 1.0]
[528, 525, 28, 28, 1.0]
[427, 532, 27, 27, 1.0]
[304, 536, 26, 26, 1.0]
[695, 565, 28, 28, 1.0]
[480, 581, 26, 26, 1.0]
[662, 600, 27, 27, 1.0]
[612, 602, 28, 28, 1.0]
[560, 590, 28, 28, 1.0]
[824, 607, 26, 26, 1.0]
[855, 537, 61, 61, 1.0]
