20_Family_Group_Family_Group_20_49.jpg
59
[514, 140, 25, 25, 1.0]
[723, 140, 26, 26, 1.0]
[477, 157, 26, 26, 1.0]
[645, 142, 26, 26, 1.0]
[451, 144, 26, 26, 1.0]
[622, 161, 28, 28, 1.0]
[683, 142, 31, 31, 1.0]
[284, 152, 24, 24, 1.0]
[226, 170, 25, 25, 1.0]
[416, 171, 25, 25, 1.0]
[764, 171, 26, 26, 1.0]
[537, 152, 31, 31, 1.0]
[257, 179, 28, 28, 1.0]
[495, 183, 29, 29, 1.0]
[322, 196, 28, 28, 1.0]
[541, 189, 26, 26, 1.0]
[728, 184, 34, 34, 1.0]
[136, 202, 29, 29, 1.0]
[205, 188, 29, 29, 1.0]
[195, 217, 30, 30, 1.0]
[284, 201, 29, 29, 1.0]
[421, 219, 29, 29, 1.0]
[471, 225, 30, 30, 1.0]
[366, 212, 27, 27, 1.0]
[589, 231, 30, 30, 1.0]
[638, 212, 30, 30, 1.0]
[549, 218, 38, 38, 1.0]
[512, 240, 32, 32, 1.0]
[379, 247, 26, 26, 1.0]
[311, 255, 33, 33, 1.0]
[806, 254, 34, 34, 1.0]
[425, 260, 30, 30, 1.0]
[353, 245, 34, 34, 1.0]
[54, 133, 66, 66, 1.0]
[237, 258, 34, 34, 1.0]
[691, 286, 31, 31, 1.0]
[375, 310, 30, 30, 1.0]
[500, 312, 32, 32, 1.0]
[815, 311, 33, 33, 1.0]
[151, 347, 30, 30, 1.0]
[788, 374, 36, 36, 1.0]
[692, 360, 29, 29, 1.0]
[541, 361, 33, 33, 1.0]
[634, 339, 33, 33, 1.0]
[91, 378, 36, 36, 1.0]
[191, 386, 36, 36, 1.0]
[258, 375, 45, 45, 1.0]
[655, 397, 40, 40, 1.0]
[348, 410, 37, 37, 1.0]
[604, 420, 29, 29, 1.0]
[826, 435, 53, 53, 1.0]
[705, 462, 34, 34, 1.0]
[627, 481, 36, 36, 1.0]
[486, 556, 26, 26, 1.0]
[341, 534, 34, 34, 1.0]
[158, 503, 50, 50, 1.0]
[481, 522, 45, 45, 1.0]
[230, 545, 47, 47, 1.0]
[386, 558, 40, 40, 1.0]
