20_Family_Group_Family_Group_20_731.jpg
25
[427, 56, 37, 37, 1.0]
[849, 44, 38, 38, 1.0]
[668, 70, 39, 39, 1.0]
[391, 83, 37, 37, 1.0]
[764, 35, 48, 48, 1.0]
[342, 76, 33, 33, 1.0]
[245, 83, 37, 37, 1.0]
[587, 39, 39, 39, 1.0]
[291, 89, 43, 43, 1.0]
[506, 66, 42, 42, 1.0]
[129, 91, 37, 37, 1.0]
[201, 99, 38, 38, 1.0]
[662, 37, 38, 38, 1.0]
[159, 81, 35, 35, 1.0]
[818, 170, 51, 51, 1.0]
[530, 192, 48, 48, 1.0]
[464, 201, 53, 53, 1.0]
[113, 218, 44, 44, 1.0]
[698, 222, 45, 45, 1.0]
[763, 194, 50, 50, 1.0]
[325, 232, 44, 44, 1.0]
[587, 233, 41, 41, 1.0]
[206, 206, 56, 56, 1.0]
[156, 176, 134, 134, 1.0]
[600, 288, 27, 27, 1.0]
