20_Family_Group_Family_Group_20_1019.jpg
24
[373, 189, 26, 26, 1.0]
[745, 226, 30, 30, 1.0]
[578, 227, 34, 34, 1.0]
[535, 228, 33, 33, 1.0]
[700, 231, 27, 27, 1.0]
[371, 234, 29, 29, 1.0]
[410, 233, 35, 35, 1.0]
[664, 234, 30, 30, 1.0]
[835, 235, 32, 32, 1.0]
[248, 235, 35, 35, 1.0]
[499, 242, 28, 28, 1.0]
[320, 245, 31, 31, 1.0]
[107, 241, 32, 32, 1.0]
[471, 276, 29, 29, 1.0]
[616, 290, 39, 39, 1.0]
[796, 316, 47, 47, 1.0]
[253, 272, 57, 57, 1.0]
[646, 295, 51, 51, 1.0]
[153, 307, 52, 52, 1.0]
[207, 301, 59, 59, 1.0]
[310, 309, 53, 53, 1.0]
[434, 338, 37, 37, 1.0]
[525, 341, 38, 38, 1.0]
[403, 348, 52, 52, 1.0]
