20_Family_Group_Family_Group_20_672.jpg
42
673 183 38 38 1.0
305 250 47 47 1.0
556 270 48 48 1.0
353 275 49 49 1.0
208 301 54 54 1.0
748 346 49 49 1.0
266 288 54 54 1.0
280 216 37 37 1.0
709 186 40 40 1.0
140 272 44 44 1.0
358 223 39 39 1.0
860 309 53 53 1.0
507 203 40 40 1.0
395 229 45 45 1.0
101 487 52 52 1.0
659 142 39 39 1.0
635 237 42 42 1.0
429 151 50 50 1.0
566 485 52 52 1.0
126 42 115 115 1.0
798 283 51 51 1.0
298 142 49 49 1.0
189 221 49 49 1.0
682 272 53 53 1.0
742 227 50 50 1.0
600 211 49 49 1.0
454 831 31 31 1.0
824 845 31 31 1.0
352 847 35 35 1.0
605 848 30 30 1.0
848 847 35 35 1.0
132 874 28 28 1.0
804 902 33 33 1.0
738 892 32 32 1.0
677 868 33 33 1.0
304 865 40 40 1.0
107 949 31 31 1.0
736 1044 32 32 1.0
445 1026 39 39 1.0
251 1023 34 34 1.0
810 1018 44 44 1.0
842 942 76 76 1.0
