20_Family_Group_Family_Group_20_540.jpg
27
[569, 241, 33, 33, 1.0]
[705, 209, 36, 36, 1.0]
[460, 253, 31, 31, 1.0]
[808, 225, 40, 40, 1.0]
[498, 220, 43, 43, 1.0]
[752, 256, 34, 34, 1.0]
[891, 234, 39, 39, 1.0]
[391, 239, 37, 37, 1.0]
[50, 278, 44, 44, 1.0]
[383, 333, 33, 33, 1.0]
[317, 271, 37, 37, 1.0]
[127, 232, 46, 46, 1.0]
[751, 277, 37, 37, 1.0]
[646, 205, 64, 64, 1.0]
[373, 188, 133, 133, 1.0]
[572, 347, 35, 35, 1.0]
[166, 303, 62, 62, 1.0]
[540, 280, 87, 87, 1.0]
[434, 394, 28, 28, 1.0]
[443, 456, 30, 30, 1.0]
[575, 491, 35, 35, 1.0]
[462, 513, 36, 36, 1.0]
[275, 527, 53, 53, 1.0]
[1, 544, 37, 37, 1.0]
[198, 396, 76, 76, 1.0]
[137, 554, 44, 44, 1.0]
[333, 603, 26, 26, 1.0]
