20_Family_Group_Family_Group_20_456.jpg
21
[786, 195, 38, 38, 1.0]
[266, 162, 105, 105, 1.0]
[391, 201, 48, 48, 1.0]
[265, 210, 50, 50, 1.0]
[493, 251, 40, 40, 1.0]
[602, 235, 42, 42, 1.0]
[684, 226, 43, 43, 1.0]
[129, 223, 53, 53, 1.0]
[540, 316, 41, 41, 1.0]
[628, 351, 37, 37, 1.0]
[723, 311, 45, 45, 1.0]
[322, 331, 46, 46, 1.0]
[836, 321, 42, 42, 1.0]
[396, 330, 43, 43, 1.0]
[457, 338, 48, 48, 1.0]
[396, 298, 66, 66, 1.0]
[246, 344, 46, 46, 1.0]
[131, 338, 58, 58, 1.0]
[805, 402, 32, 32, 1.0]
[369, 350, 68, 68, 1.0]
[526, 498, 48, 48, 1.0]
