20_Family_Group_Family_Group_20_584.jpg
37
[60, 70, 26, 26, 1.0]
[377, 84, 27, 27, 1.0]
[187, 65, 25, 25, 1.0]
[641, 86, 24, 24, 1.0]
[430, 74, 28, 28, 1.0]
[691, 64, 24, 24, 1.0]
[248, 88, 25, 25, 1.0]
[118, 66, 26, 26, 1.0]
[356, 77, 24, 24, 1.0]
[315, 88, 30, 30, 1.0]
[514, 93, 26, 26, 1.0]
[570, 80, 26, 26, 1.0]
[462, 139, 28, 28, 1.0]
[44, 115, 51, 51, 1.0]
[171, 149, 26, 26, 1.0]
[304, 146, 31, 31, 1.0]
[702, 151, 25, 25, 1.0]
[381, 157, 25, 25, 1.0]
[562, 162, 25, 25, 1.0]
[884, 187, 26, 26, 1.0]
[938, 187, 27, 27, 1.0]
[825, 207, 26, 26, 1.0]
[473, 232, 27, 27, 1.0]
[322, 225, 31, 31, 1.0]
[800, 230, 34, 34, 1.0]
[190, 228, 26, 26, 1.0]
[891, 236, 29, 29, 1.0]
[625, 240, 31, 31, 1.0]
[94, 244, 27, 27, 1.0]
[547, 246, 30, 30, 1.0]
[925, 245, 26, 26, 1.0]
[428, 246, 30, 30, 1.0]
[722, 251, 32, 32, 1.0]
[220, 185, 58, 58, 1.0]
[535, 314, 37, 37, 1.0]
[166, 320, 33, 33, 1.0]
[156, 290, 61, 61, 1.0]
