20_Family_Group_Family_Group_20_916.jpg
29
[272, 49, 37, 37, 1.0]
[352, 31, 38, 38, 1.0]
[494, 32, 37, 37, 1.0]
[476, 79, 34, 34, 1.0]
[100, 65, 34, 34, 1.0]
[551, 81, 32, 32, 1.0]
[693, 63, 34, 34, 1.0]
[592, 30, 38, 38, 1.0]
[638, 76, 35, 35, 1.0]
[912, 35, 46, 46, 1.0]
[211, 43, 34, 34, 1.0]
[776, 54, 43, 43, 1.0]
[930, 98, 48, 48, 1.0]
[148, 90, 39, 39, 1.0]
[594, 56, 35, 35, 1.0]
[852, 50, 44, 44, 1.0]
[410, 56, 39, 39, 1.0]
[319, 107, 41, 41, 1.0]
[818, 146, 53, 53, 1.0]
[57, 153, 48, 48, 1.0]
[657, 156, 43, 43, 1.0]
[172, 150, 53, 53, 1.0]
[539, 91, 62, 62, 1.0]
[484, 163, 45, 45, 1.0]
[392, 169, 38, 38, 1.0]
[571, 180, 38, 38, 1.0]
[170, 204, 49, 49, 1.0]
[434, 121, 98, 98, 1.0]
[676, 339, 50, 50, 1.0]
