20_Family_Group_Family_Group_20_713.jpg
37
[785, 245, 25, 25, 1.0]
[554, 248, 29, 29, 1.0]
[876, 265, 29, 29, 1.0]
[720, 256, 30, 30, 1.0]
[641, 270, 28, 28, 1.0]
[775, 286, 26, 26, 1.0]
[526, 288, 29, 29, 1.0]
[567, 292, 26, 26, 1.0]
[923, 308, 33, 33, 1.0]
[184, 295, 27, 27, 1.0]
[959, 298, 29, 29, 1.0]
[831, 302, 30, 30, 1.0]
[291, 284, 33, 33, 1.0]
[664, 274, 39, 39, 1.0]
[154, 290, 36, 36, 1.0]
[705, 293, 32, 32, 1.0]
[268, 298, 28, 28, 1.0]
[208, 332, 28, 28, 1.0]
[411, 299, 35, 35, 1.0]
[97, 317, 35, 35, 1.0]
[486, 299, 41, 41, 1.0]
[796, 297, 35, 35, 1.0]
[336, 301, 39, 39, 1.0]
[692, 331, 39, 39, 1.0]
[585, 311, 40, 40, 1.0]
[798, 352, 38, 38, 1.0]
[621, 326, 35, 35, 1.0]
[738, 328, 35, 35, 1.0]
[439, 361, 45, 45, 1.0]
[56, 371, 41, 41, 1.0]
[905, 404, 34, 34, 1.0]
[538, 395, 40, 40, 1.0]
[982, 426, 30, 30, 1.0]
[131, 449, 32, 32, 1.0]
[443, 417, 42, 42, 1.0]
[195, 447, 35, 35, 1.0]
[253, 458, 34, 34, 1.0]
