45_Balloonist_Balloonist_45_571.jpg
26
[312, 221, 38, 38, 1.0]
[350, 161, 127, 127, 1.0]
[529, 211, 37, 37, 1.0]
[468, 230, 38, 38, 1.0]
[406, 258, 32, 32, 1.0]
[725, 249, 43, 43, 1.0]
[648, 254, 45, 45, 1.0]
[370, 293, 33, 33, 1.0]
[530, 279, 43, 43, 1.0]
[780, 255, 47, 47, 1.0]
[158, 274, 51, 51, 1.0]
[292, 310, 44, 44, 1.0]
[375, 334, 47, 47, 1.0]
[582, 344, 57, 57, 1.0]
[469, 326, 51, 51, 1.0]
[315, 378, 51, 51, 1.0]
[752, 348, 58, 58, 1.0]
[523, 390, 57, 57, 1.0]
[413, 370, 56, 56, 1.0]
[669, 370, 60, 60, 1.0]
[629, 394, 55, 55, 1.0]
[412, 454, 58, 58, 1.0]
[567, 442, 51, 51, 1.0]
[296, 454, 58, 58, 1.0]
[176, 441, 60, 60, 1.0]
[554, 487, 56, 56, 1.0]
