45_Balloonist_Balloonist_45_838.jpg
29
691 228 28 28 1.0
274 209 35 35 1.0
461 223 35 35 1.0
535 238 31 31 1.0
586 237 32 32 1.0
456 281 32 32 1.0
648 248 35 35 1.0
834 301 42 42 1.0
608 320 32 32 1.0
277 335 35 35 1.0
759 277 37 37 1.0
523 284 57 57 1.0
780 313 44 44 1.0
640 347 34 34 1.0
488 347 39 39 1.0
825 348 49 49 1.0
902 356 44 44 1.0
560 366 40 40 1.0
119 370 50 50 1.0
601 374 55 55 1.0
720 371 50 50 1.0
185 384 40 40 1.0
669 388 25 25 1.0
453 379 46 46 1.0
523 385 38 38 1.0
228 381 53 53 1.0
349 391 41 41 1.0
825 411 56 56 1.0
827 376 56 56 1.0
