45_Balloonist_Balloonist_45_1000.jpg
32
[329, 129, 33, 33, 1.0]
[506, 121, 33, 33, 1.0]
[662, 125, 37, 37, 1.0]
[582, 123, 37, 37, 1.0]
[155, 126, 39, 39, 1.0]
[416, 123, 43, 43, 1.0]
[246, 131, 40, 40, 1.0]
[744, 134, 38, 38, 1.0]
[480, 187, 48, 48, 1.0]
[223, 197, 41, 41, 1.0]
[562, 193, 41, 41, 1.0]
[65, 196, 38, 38, 1.0]
[309, 195, 42, 42, 1.0]
[402, 198, 37, 37, 1.0]
[820, 146, 37, 37, 1.0]
[325, 119, 56, 56, 1.0]
[921, 197, 42, 42, 1.0]
[819, 194, 46, 46, 1.0]
[744, 203, 39, 39, 1.0]
[494, 285, 43, 43, 1.0]
[862, 288, 45, 45, 1.0]
[109, 293, 45, 45, 1.0]
[211, 296, 46, 46, 1.0]
[680, 298, 43, 43, 1.0]
[304, 302, 40, 40, 1.0]
[593, 300, 34, 34, 1.0]
[894, 265, 60, 60, 1.0]
[458, 329, 56, 56, 1.0]
[600, 363, 53, 53, 1.0]
[930, 339, 61, 61, 1.0]
[282, 369, 58, 58, 1.0]
[212, 435, 50, 50, 1.0]
