8_Election_Campain_Election_Campaign_8_5.jpg
22
[478, 80, 30, 30, 1.0]
[885, 184, 25, 25, 1.0]
[563, 211, 27, 27, 1.0]
[270, 222, 30, 30, 1.0]
[685, 245, 34, 34, 1.0]
[1, 203, 35, 35, 1.0]
[96, 314, 38, 38, 1.0]
[453, 242, 84, 84, 1.0]
[783, 331, 52, 52, 1.0]
[524, 416, 26, 26, 1.0]
[460, 429, 25, 25, 1.0]
[914, 332, 79, 79, 1.0]
[954, 351, 56, 56, 1.0]
[188, 367, 60, 60, 1.0]
[4, 350, 55, 55, 1.0]
[544, 481, 25, 25, 1.0]
[490, 490, 26, 26, 1.0]
[857, 426, 60, 60, 1.0]
[297, 384, 56, 56, 1.0]
[529, 545, 25, 25, 1.0]
[458, 546, 26, 26, 1.0]
[100, 514, 56, 56, 1.0]
