8_Election_Campain_Election_Campaign_8_345.jpg
19
[471, 108, 27, 27, 1.0]
[691, 134, 25, 25, 1.0]
[616, 135, 27, 27, 1.0]
[271, 55, 53, 53, 1.0]
[644, 159, 51, 51, 1.0]
[889, 206, 33, 33, 1.0]
[777, 210, 38, 38, 1.0]
[551, 256, 49, 49, 1.0]
[823, 244, 70, 70, 1.0]
[602, 331, 26, 26, 1.0]
[504, 334, 39, 39, 1.0]
[348, 327, 67, 67, 1.0]
[610, 441, 27, 27, 1.0]
[677, 411, 79, 79, 1.0]
[551, 487, 28, 28, 1.0]
[682, 475, 52, 52, 1.0]
[629, 478, 62, 62, 1.0]
[605, 580, 28, 28, 1.0]
[685, 583, 27, 27, 1.0]
