8_Election_Campain_Election_Campaign_8_379.jpg
21
[775, 54, 33, 33, 1.0]
[320, 37, 45, 45, 1.0]
[563, 87, 38, 38, 1.0]
[684, 110, 40, 40, 1.0]
[590, 169, 37, 37, 1.0]
[229, 132, 41, 41, 1.0]
[733, 186, 46, 46, 1.0]
[99, 529, 26, 26, 1.0]
[739, 534, 26, 26, 1.0]
[198, 591, 27, 27, 1.0]
[330, 589, 30, 30, 1.0]
[144, 598, 27, 27, 1.0]
[680, 647, 27, 27, 1.0]
[911, 656, 30, 30, 1.0]
[479, 662, 26, 26, 1.0]
[362, 674, 30, 30, 1.0]
[798, 679, 30, 30, 1.0]
[850, 690, 30, 30, 1.0]
[336, 721, 28, 28, 1.0]
[640, 734, 32, 32, 1.0]
[78, 714, 30, 30, 1.0]
