55_Sports_Coach_Trainer_sportcoaching_55_294.jpg
23
[251, 111, 62, 62, 1.0]
[429, 195, 34, 34, 1.0]
[557, 202, 39, 39, 1.0]
[625, 204, 37, 37, 1.0]
[501, 224, 32, 32, 1.0]
[253, 261, 40, 40, 1.0]
[714, 211, 36, 36, 1.0]
[432, 253, 38, 38, 1.0]
[276, 224, 40, 40, 1.0]
[320, 236, 39, 39, 1.0]
[467, 278, 36, 36, 1.0]
[356, 223, 45, 45, 1.0]
[794, 232, 38, 38, 1.0]
[566, 257, 38, 38, 1.0]
[120, 268, 42, 42, 1.0]
[678, 256, 36, 36, 1.0]
[736, 288, 34, 34, 1.0]
[870, 251, 48, 48, 1.0]
[814, 267, 49, 49, 1.0]
[814, 294, 44, 44, 1.0]
[220, 300, 41, 41, 1.0]
[381, 334, 57, 57, 1.0]
[295, 362, 78, 78, 1.0]
