55_Sports_Coach_Trainer_sportcoaching_55_63.jpg
50
[541, 174, 92, 92, 1.0]
[429, 537, 28, 28, 1.0]
[104, 792, 26, 26, 1.0]
[128, 835, 26, 26, 1.0]
[186, 833, 29, 29, 1.0]
[443, 901, 31, 31, 1.0]
[108, 867, 26, 26, 1.0]
[44, 869, 24, 24, 1.0]
[192, 868, 27, 27, 1.0]
[294, 918, 32, 32, 1.0]
[121, 943, 27, 27, 1.0]
[367, 969, 30, 30, 1.0]
[658, 969, 29, 29, 1.0]
[962, 976, 27, 27, 1.0]
[844, 985, 29, 29, 1.0]
[743, 993, 28, 28, 1.0]
[430, 949, 32, 32, 1.0]
[344, 1005, 28, 28, 1.0]
[536, 1016, 28, 28, 1.0]
[923, 1037, 27, 27, 1.0]
[542, 1046, 31, 31, 1.0]
[945, 1080, 26, 26, 1.0]
[250, 1017, 29, 29, 1.0]
[195, 1071, 27, 27, 1.0]
[210, 1039, 32, 32, 1.0]
[411, 1114, 32, 32, 1.0]
[753, 1080, 32, 32, 1.0]
[349, 1088, 30, 30, 1.0]
[421, 1008, 47, 47, 1.0]
[73, 1093, 34, 34, 1.0]
[257, 1099, 31, 31, 1.0]
[34, 1038, 32, 32, 1.0]
[182, 1132, 36, 36, 1.0]
[96, 1137, 32, 32, 1.0]
[625, 1129, 44, 44, 1.0]
[503, 1135, 39, 39, 1.0]
[295, 1169, 35, 35, 1.0]
[379, 1138, 36, 36, 1.0]
[47, 1178, 34, 34, 1.0]
[131, 1212, 34, 34, 1.0]
[733, 1215, 30, 30, 1.0]
[742, 1095, 65, 65, 1.0]
[22, 1201, 39, 39, 1.0]
[801, 1108, 67, 67, 1.0]
[240, 1205, 38, 38, 1.0]
[846, 1233, 34, 34, 1.0]
[73, 1241, 35, 35, 1.0]
[821, 1080, 67, 67, 1.0]
[857, 1066, 88, 88, 1.0]
[617, 997, 90, 90, 1.0]
