55_Sports_Coach_Trainer_sportcoaching_55_485.jpg
19
[67, 85, 405, 405, 1.0]
[449, 203, 47, 47, 1.0]
[836, 199, 48, 48, 1.0]
[647, 207, 48, 48, 1.0]
[249, 209, 51, 51, 1.0]
[749, 217, 47, 47, 1.0]
[556, 215, 49, 49, 1.0]
[353, 220, 44, 44, 1.0]
[484, 90, 382, 382, 1.0]
[831, 226, 57, 57, 1.0]
[580, 286, 60, 60, 1.0]
[739, 270, 67, 67, 1.0]
[730, 359, 47, 47, 1.0]
[626, 360, 50, 50, 1.0]
[837, 361, 48, 48, 1.0]
[110, 364, 52, 52, 1.0]
[538, 373, 48, 48, 1.0]
[198, 371, 57, 57, 1.0]
[413, 377, 51, 51, 1.0]
