55_Sports_Coach_Trainer_sportcoaching_55_240.jpg
58
[915, 113, 26, 26, 1.0]
[48, 118, 25, 25, 1.0]
[258, 117, 26, 26, 1.0]
[430, 116, 28, 28, 1.0]
[27, 149, 27, 27, 1.0]
[461, 17, 27, 27, 1.0]
[507, 144, 29, 29, 1.0]
[566, 120, 24, 24, 1.0]
[794, 147, 27, 27, 1.0]
[638, 119, 26, 26, 1.0]
[702, 119, 28, 28, 1.0]
[582, 150, 26, 26, 1.0]
[861, 152, 25, 25, 1.0]
[314, 124, 25, 25, 1.0]
[657, 176, 29, 29, 1.0]
[599, 178, 29, 29, 1.0]
[725, 178, 28, 28, 1.0]
[869, 180, 28, 28, 1.0]
[807, 182, 29, 29, 1.0]
[500, 219, 28, 28, 1.0]
[942, 184, 27, 27, 1.0]
[243, 200, 26, 26, 1.0]
[555, 185, 29, 29, 1.0]
[580, 221, 30, 30, 1.0]
[652, 219, 29, 29, 1.0]
[102, 188, 25, 25, 1.0]
[965, 208, 28, 28, 1.0]
[318, 194, 27, 27, 1.0]
[649, 255, 27, 27, 1.0]
[147, 212, 28, 28, 1.0]
[740, 209, 30, 30, 1.0]
[900, 255, 27, 27, 1.0]
[570, 256, 29, 29, 1.0]
[386, 214, 25, 25, 1.0]
[431, 212, 27, 27, 1.0]
[294, 236, 29, 29, 1.0]
[494, 179, 30, 30, 1.0]
[215, 259, 27, 27, 1.0]
[421, 258, 29, 29, 1.0]
[698, 257, 31, 31, 1.0]
[829, 259, 28, 28, 1.0]
[150, 260, 29, 29, 1.0]
[975, 262, 27, 27, 1.0]
[340, 270, 30, 30, 1.0]
[288, 278, 26, 26, 1.0]
[844, 299, 28, 28, 1.0]
[932, 299, 29, 29, 1.0]
[523, 294, 29, 29, 1.0]
[766, 298, 30, 30, 1.0]
[669, 293, 31, 31, 1.0]
[973, 253, 48, 48, 1.0]
[214, 319, 27, 27, 1.0]
[942, 356, 30, 30, 1.0]
[770, 343, 29, 29, 1.0]
[793, 384, 29, 29, 1.0]
[878, 385, 30, 30, 1.0]
[851, 346, 29, 29, 1.0]
[186, 431, 31, 31, 1.0]
