55_Sports_Coach_Trainer_sportcoaching_55_193.jpg
45
[555, 98, 28, 28, 1.0]
[404, 99, 28, 28, 1.0]
[692, 92, 27, 27, 1.0]
[351, 135, 28, 28, 1.0]
[436, 138, 26, 26, 1.0]
[182, 139, 27, 27, 1.0]
[793, 175, 26, 26, 1.0]
[503, 163, 24, 24, 1.0]
[862, 158, 29, 29, 1.0]
[383, 164, 26, 26, 1.0]
[300, 166, 25, 25, 1.0]
[477, 148, 27, 27, 1.0]
[557, 164, 28, 28, 1.0]
[649, 164, 27, 27, 1.0]
[174, 168, 26, 26, 1.0]
[328, 152, 24, 24, 1.0]
[771, 141, 26, 26, 1.0]
[533, 150, 27, 27, 1.0]
[606, 168, 28, 28, 1.0]
[580, 154, 26, 26, 1.0]
[724, 157, 25, 25, 1.0]
[249, 156, 28, 28, 1.0]
[697, 154, 31, 31, 1.0]
[906, 222, 27, 27, 1.0]
[559, 228, 27, 27, 1.0]
[294, 231, 27, 27, 1.0]
[398, 228, 32, 32, 1.0]
[601, 232, 26, 26, 1.0]
[836, 231, 26, 26, 1.0]
[339, 233, 30, 30, 1.0]
[509, 234, 27, 27, 1.0]
[777, 235, 27, 27, 1.0]
[229, 240, 27, 27, 1.0]
[142, 243, 27, 27, 1.0]
[459, 243, 25, 25, 1.0]
[193, 245, 28, 28, 1.0]
[593, 288, 29, 29, 1.0]
[978, 290, 26, 26, 1.0]
[349, 294, 27, 27, 1.0]
[656, 297, 28, 28, 1.0]
[860, 299, 26, 26, 1.0]
[270, 298, 30, 30, 1.0]
[476, 306, 30, 30, 1.0]
[417, 314, 27, 27, 1.0]
[646, 265, 83, 83, 1.0]
