55_Sports_Coach_Trainer_sportcoaching_55_656.jpg
20
[529, 198, 58, 58, 1.0]
[401, 198, 62, 62, 1.0]
[283, 212, 56, 56, 1.0]
[849, 225, 49, 49, 1.0]
[870, 286, 49, 49, 1.0]
[636, 233, 57, 57, 1.0]
[244, 265, 57, 57, 1.0]
[120, 222, 57, 57, 1.0]
[638, 295, 50, 50, 1.0]
[686, 329, 58, 58, 1.0]
[61, 314, 53, 53, 1.0]
[525, 310, 62, 62, 1.0]
[120, 299, 71, 71, 1.0]
[694, 371, 36, 36, 1.0]
[369, 340, 60, 60, 1.0]
[444, 339, 55, 55, 1.0]
[502, 306, 66, 66, 1.0]
[785, 410, 30, 30, 1.0]
[377, 566, 50, 50, 1.0]
[188, 559, 55, 55, 1.0]
