55_Sports_Coach_Trainer_sportcoaching_55_420.jpg
25
[621, 54, 36, 36, 1.0]
[693, 43, 38, 38, 1.0]
[787, 28, 34, 34, 1.0]
[315, 29, 33, 33, 1.0]
[244, 30, 39, 39, 1.0]
[466, 73, 40, 40, 1.0]
[763, 59, 45, 45, 1.0]
[60, 26, 39, 39, 1.0]
[306, 81, 40, 40, 1.0]
[133, 12, 38, 38, 1.0]
[120, 73, 47, 47, 1.0]
[371, 6, 53, 53, 1.0]
[837, 45, 54, 54, 1.0]
[319, 137, 42, 42, 1.0]
[254, 138, 46, 46, 1.0]
[214, 133, 128, 128, 1.0]
[766, 145, 54, 54, 1.0]
[535, 176, 48, 48, 1.0]
[97, 214, 50, 50, 1.0]
[392, 223, 56, 56, 1.0]
[163, 232, 53, 53, 1.0]
[253, 252, 51, 51, 1.0]
[652, 268, 56, 56, 1.0]
[257, 289, 39, 39, 1.0]
[554, 252, 60, 60, 1.0]
