11_Meeting_Meeting_11_Meeting_Meeting_11_412.jpg
21
[373, 41, 46, 46, 1.0]
[822, 101, 37, 37, 1.0]
[263, 110, 45, 45, 1.0]
[456, 121, 43, 43, 1.0]
[664, 16, 130, 130, 1.0]
[269, 61, 44, 44, 1.0]
[604, 59, 47, 47, 1.0]
[563, 121, 46, 46, 1.0]
[355, 94, 51, 51, 1.0]
[191, 73, 38, 38, 1.0]
[675, 71, 45, 45, 1.0]
[544, 62, 49, 49, 1.0]
[782, 100, 50, 50, 1.0]
[159, 93, 53, 53, 1.0]
[113, 59, 45, 45, 1.0]
[464, 64, 51, 51, 1.0]
[842, 77, 52, 52, 1.0]
[712, 101, 52, 52, 1.0]
[463, 154, 33, 33, 1.0]
[928, 84, 57, 57, 1.0]
[73, 86, 58, 58, 1.0]
