11_Meeting_Meeting_11_Meeting_Meeting_11_821.jpg
34
[320, 173, 43, 43, 1.0]
[524, 181, 32, 32, 1.0]
[572, 182, 33, 33, 1.0]
[137, 180, 43, 43, 1.0]
[481, 184, 37, 37, 1.0]
[210, 191, 36, 36, 1.0]
[425, 205, 31, 31, 1.0]
[387, 220, 28, 28, 1.0]
[741, 241, 32, 32, 1.0]
[670, 226, 30, 30, 1.0]
[299, 214, 35, 35, 1.0]
[181, 229, 32, 32, 1.0]
[246, 226, 40, 40, 1.0]
[595, 221, 32, 32, 1.0]
[217, 244, 41, 41, 1.0]
[505, 247, 35, 35, 1.0]
[667, 265, 35, 35, 1.0]
[704, 277, 26, 26, 1.0]
[806, 290, 28, 28, 1.0]
[615, 266, 34, 34, 1.0]
[940, 264, 37, 37, 1.0]
[412, 244, 38, 38, 1.0]
[352, 225, 40, 40, 1.0]
[850, 286, 32, 32, 1.0]
[583, 276, 38, 38, 1.0]
[264, 278, 41, 41, 1.0]
[51, 222, 52, 52, 1.0]
[93, 226, 45, 45, 1.0]
[888, 290, 38, 38, 1.0]
[428, 296, 37, 37, 1.0]
[147, 236, 51, 51, 1.0]
[341, 268, 40, 40, 1.0]
[537, 292, 40, 40, 1.0]
[297, 282, 48, 48, 1.0]
