11_Meeting_Meeting_11_Meeting_Meeting_11_708.jpg
25
[440, 149, 44, 44, 1.0]
[610, 149, 48, 48, 1.0]
[316, 161, 53, 53, 1.0]
[473, 60, 116, 116, 1.0]
[553, 111, 65, 65, 1.0]
[537, 178, 51, 51, 1.0]
[264, 214, 57, 57, 1.0]
[655, 218, 49, 49, 1.0]
[434, 231, 53, 53, 1.0]
[754, 249, 48, 48, 1.0]
[631, 265, 56, 56, 1.0]
[301, 270, 55, 55, 1.0]
[498, 274, 57, 57, 1.0]
[774, 291, 49, 49, 1.0]
[384, 278, 59, 59, 1.0]
[224, 332, 55, 55, 1.0]
[854, 345, 55, 55, 1.0]
[529, 357, 57, 57, 1.0]
[681, 378, 56, 56, 1.0]
[267, 382, 55, 55, 1.0]
[692, 418, 37, 37, 1.0]
[111, 576, 54, 54, 1.0]
[114, 510, 58, 58, 1.0]
[557, 626, 51, 51, 1.0]
[123, 655, 28, 28, 1.0]
