11_Meeting_Meeting_11_Meeting_Meeting_11_202.jpg
76
[594, 124, 24, 24, 1.0]
[724, 153, 25, 25, 1.0]
[774, 138, 25, 25, 1.0]
[404, 139, 27, 27, 1.0]
[226, 158, 24, 24, 1.0]
[354, 158, 27, 27, 1.0]
[457, 159, 26, 26, 1.0]
[526, 159, 25, 25, 1.0]
[646, 151, 26, 26, 1.0]
[431, 171, 30, 30, 1.0]
[588, 171, 26, 26, 1.0]
[686, 172, 26, 26, 1.0]
[863, 101, 131, 131, 1.0]
[500, 197, 26, 26, 1.0]
[91, 176, 28, 28, 1.0]
[483, 178, 26, 26, 1.0]
[369, 198, 30, 30, 1.0]
[542, 217, 27, 27, 1.0]
[468, 201, 26, 26, 1.0]
[717, 178, 26, 26, 1.0]
[270, 204, 26, 26, 1.0]
[169, 246, 27, 27, 1.0]
[162, 204, 29, 29, 1.0]
[329, 180, 26, 26, 1.0]
[743, 180, 27, 27, 1.0]
[624, 206, 28, 28, 1.0]
[533, 185, 26, 26, 1.0]
[371, 258, 26, 26, 1.0]
[802, 184, 27, 27, 1.0]
[132, 186, 29, 29, 1.0]
[29, 211, 31, 31, 1.0]
[76, 232, 30, 30, 1.0]
[128, 235, 26, 26, 1.0]
[709, 235, 30, 30, 1.0]
[218, 194, 25, 25, 1.0]
[500, 238, 27, 27, 1.0]
[249, 223, 32, 32, 1.0]
[320, 255, 33, 33, 1.0]
[338, 225, 32, 32, 1.0]
[291, 203, 30, 30, 1.0]
[203, 227, 35, 35, 1.0]
[644, 243, 39, 39, 1.0]
[854, 231, 34, 34, 1.0]
[732, 250, 34, 34, 1.0]
[398, 257, 36, 36, 1.0]
[649, 201, 32, 32, 1.0]
[809, 250, 44, 44, 1.0]
[591, 212, 30, 30, 1.0]
[577, 258, 44, 44, 1.0]
[93, 268, 38, 38, 1.0]
[492, 270, 34, 34, 1.0]
[431, 234, 50, 50, 1.0]
[923, 242, 46, 46, 1.0]
[536, 275, 29, 29, 1.0]
[260, 276, 39, 39, 1.0]
[520, 190, 58, 58, 1.0]
[178, 294, 33, 33, 1.0]
[305, 284, 34, 34, 1.0]
[658, 291, 37, 37, 1.0]
[467, 302, 36, 36, 1.0]
[10, 308, 32, 32, 1.0]
[227, 299, 46, 46, 1.0]
[372, 305, 44, 44, 1.0]
[157, 339, 34, 34, 1.0]
[884, 322, 47, 47, 1.0]
[779, 338, 44, 44, 1.0]
[451, 345, 37, 37, 1.0]
[62, 360, 33, 33, 1.0]
[519, 359, 41, 41, 1.0]
[616, 362, 42, 42, 1.0]
[325, 388, 41, 41, 1.0]
[692, 400, 38, 38, 1.0]
[545, 404, 49, 49, 1.0]
[453, 412, 46, 46, 1.0]
[888, 407, 45, 45, 1.0]
[31, 463, 65, 65, 1.0]
