11_Meeting_Meeting_11_Meeting_Meeting_11_546.jpg
32
[858, 58, 46, 46, 1.0]
[845, 115, 70, 70, 1.0]
[626, 238, 47, 47, 1.0]
[520, 253, 37, 37, 1.0]
[851, 249, 45, 45, 1.0]
[631, 255, 40, 40, 1.0]
[454, 315, 28, 28, 1.0]
[352, 271, 37, 37, 1.0]
[720, 259, 40, 40, 1.0]
[782, 300, 35, 35, 1.0]
[432, 282, 34, 34, 1.0]
[190, 288, 36, 36, 1.0]
[362, 319, 35, 35, 1.0]
[868, 296, 41, 41, 1.0]
[804, 325, 37, 37, 1.0]
[273, 332, 34, 34, 1.0]
[265, 271, 38, 38, 1.0]
[592, 306, 44, 44, 1.0]
[149, 285, 45, 45, 1.0]
[679, 314, 38, 38, 1.0]
[554, 297, 44, 44, 1.0]
[509, 342, 40, 40, 1.0]
[915, 347, 41, 41, 1.0]
[407, 350, 39, 39, 1.0]
[709, 360, 43, 43, 1.0]
[172, 360, 47, 47, 1.0]
[305, 372, 36, 36, 1.0]
[602, 373, 43, 43, 1.0]
[234, 379, 42, 42, 1.0]
[137, 393, 45, 45, 1.0]
[511, 391, 43, 43, 1.0]
[774, 618, 54, 54, 1.0]
