11_Meeting_Meeting_11_Meeting_Meeting_11_661.jpg
22
[602, 44, 50, 50, 1.0]
[708, 53, 65, 65, 1.0]
[323, 66, 62, 62, 1.0]
[818, 61, 62, 62, 1.0]
[148, 64, 66, 66, 1.0]
[618, 109, 64, 64, 1.0]
[869, 109, 66, 66, 1.0]
[484, 33, 66, 66, 1.0]
[412, 103, 66, 66, 1.0]
[212, 36, 66, 66, 1.0]
[744, 163, 64, 64, 1.0]
[76, 137, 74, 74, 1.0]
[510, 142, 69, 69, 1.0]
[276, 163, 61, 61, 1.0]
[174, 171, 72, 72, 1.0]
[403, 240, 69, 69, 1.0]
[607, 255, 68, 68, 1.0]
[909, 410, 70, 70, 1.0]
[782, 473, 86, 86, 1.0]
[571, 508, 87, 87, 1.0]
[347, 506, 87, 87, 1.0]
[168, 547, 79, 79, 1.0]
