11_Meeting_Meeting_11_Meeting_Meeting_11_677.jpg
39
[772, 167, 35, 35, 1.0]
[930, 155, 36, 36, 1.0]
[850, 177, 31, 31, 1.0]
[714, 194, 30, 30, 1.0]
[338, 215, 26, 26, 1.0]
[596, 213, 28, 28, 1.0]
[657, 203, 27, 27, 1.0]
[278, 219, 28, 28, 1.0]
[106, 220, 30, 30, 1.0]
[517, 209, 27, 27, 1.0]
[429, 208, 31, 31, 1.0]
[154, 212, 27, 27, 1.0]
[196, 232, 24, 24, 1.0]
[875, 215, 37, 37, 1.0]
[64, 245, 26, 26, 1.0]
[459, 259, 33, 33, 1.0]
[382, 285, 29, 29, 1.0]
[539, 255, 30, 30, 1.0]
[228, 264, 32, 32, 1.0]
[537, 293, 32, 32, 1.0]
[292, 266, 30, 30, 1.0]
[710, 266, 28, 28, 1.0]
[612, 296, 31, 31, 1.0]
[746, 268, 28, 28, 1.0]
[279, 303, 30, 30, 1.0]
[169, 272, 29, 29, 1.0]
[360, 308, 27, 27, 1.0]
[577, 275, 28, 28, 1.0]
[95, 288, 29, 29, 1.0]
[357, 281, 29, 29, 1.0]
[663, 279, 28, 28, 1.0]
[729, 298, 31, 31, 1.0]
[781, 265, 32, 32, 1.0]
[439, 312, 29, 29, 1.0]
[676, 314, 29, 29, 1.0]
[499, 286, 29, 29, 1.0]
[400, 328, 29, 29, 1.0]
[472, 459, 33, 33, 1.0]
[429, 449, 38, 38, 1.0]
