28_Sports_Fan_Sports_Fan_28_487.jpg
29
671 9 37 37 1.0
425 66 39 39 1.0
325 63 46 46 1.0
619 96 39 39 1.0
798 0 37 37 1.0
935 146 40 40 1.0
106 264 44 44 1.0
415 260 44 44 1.0
670 276 43 43 1.0
965 282 46 46 1.0
450 281 50 50 1.0
707 322 44 44 1.0
878 302 49 49 1.0
565 343 44 44 1.0
48 382 53 53 1.0
791 400 49 49 1.0
508 434 43 43 1.0
855 422 47 47 1.0
125 447 46 46 1.0
41 443 57 57 1.0
902 446 52 52 1.0
956 484 47 47 1.0
661 492 55 55 1.0
818 493 48 48 1.0
908 527 50 50 1.0
941 454 63 63 1.0
451 508 51 51 1.0
540 497 53 53 1.0
251 548 66 66 1.0
