40_Gymnastics_Gymnastics_40_887.jpg
27
678 38 61 61 1.0
540 63 57 57 1.0
304 71 59 59 1.0
182 82 55 55 1.0
737 98 60 60 1.0
865 107 62 62 1.0
93 146 58 58 1.0
476 132 60 60 1.0
348 144 60 60 1.0
615 127 60 60 1.0
426 80 55 55 1.0
205 136 59 59 1.0
871 184 72 72 1.0
799 267 60 60 1.0
512 272 62 62 1.0
650 274 61 61 1.0
237 274 67 67 1.0
374 286 64 64 1.0
747 377 62 62 1.0
511 381 67 67 1.0
99 276 66 66 1.0
242 351 64 64 1.0
318 401 60 60 1.0
93 358 55 55 1.0
660 356 62 62 1.0
125 398 67 67 1.0
297 281 207 207 1.0
