2_Demonstration_Demonstrators_2_456.jpg
72
321 145 36 36
346 197 27 27
456 42 32 32
832 59 27 27
357 172 27 27
830 49 29 29
306 202 32 32
469 209 28 28
297 144 49 49
471 190 30 30
250 109 59 59
309 41 33 33
348 28 44 44
708 164 48 48
648 226 29 29
485 123 40 40
623 47 32 32
148 3 37 37
758 71 51 51
367 59 62 62
12 169 46 46
736 17 47 47
379 173 50 50
11 128 62 62
307 92 64 64
453 216 53 53
237 20 56 56
242 145 52 52
690 44 57 57
540 28 75 75
741 49 60 60
677 74 65 65
595 42 54 54
578 49 58 58
177 4 69 69
510 171 98 98
158 206 94 94
360 214 90 90
675 120 113 113
453 26 83 83
56 157 135 135
793 194 151 151
836 210 109 109
788 125 124 124
228 301 25 25
842 270 37 37
270 251 62 62
272 405 30 30
144 436 31 31
89 418 26 26
548 343 38 38
489 361 50 50
879 342 46 46
661 296 54 54
459 373 60 60
89 405 49 49
745 429 54 54
253 446 50 50
634 447 73 73
600 235 89 89
500 231 112 112
16 287 92 92
72 476 25 25
8 540 31 31
110 525 28 28
65 526 27 27
223 485 53 53
418 445 80 80
922 496 56 56
725 507 59 59
106 510 50 50
276 488 57 57
19_Couple_Couple_19_139.jpg
19
737 196 27 27
525 232 55 55
412 74 56 56
564 217 79 79
378 154 137 137
341 219 106 106
503 189 136 136
329 170 196 196
672 299 62 62
608 386 36 36
447 378 52 52
395 520 61 61
607 387 57 57
440 585 37 37
710 363 67 67
395 550 57 57
260 622 26 26
162 572 100 100
188 618 60 60
13_Interview_Interview_On_Location_13_166.jpg
6
525 3 45 45
444 64 167 167
385 217 237 237
438 421 157 157
109 477 155 155
442 591 139 139
14_Traffic_Traffic_14_504.jpg
11
318 80 26 26
460 218 30 30
51 178 79 79
782 249 37 37
205 199 61 61
75 293 25 25
174 318 26 26
354 394 32 32
736 386 44 44
334 289 56 56
764 446 28 28
2_Demonstration_Protesters_2_525.jpg
92
296 3 25 25
679 50 56 56
981 177 28 28
587 208 28 28
440 17 48 48
546 212 28 28
370 11 69 69
683 219 26 26
723 169 48 48
798 233 31 31
860 164 54 54
805 225 26 26
282 143 58 58
850 132 71 71
40 192 50 50
730 29 139 139
630 289 25 25
410 307 26 26
518 266 26 26
715 330 25 25
591 342 26 26
825 335 27 27
947 348 28 28
99 348 30 30
712 361 28 28
845 364 26 26
755 244 47 47
246 369 27 27
629 368 26 26
0 373 28 28
462 369 27 27
916 375 26 26
77 379 27 27
889 361 32 32
820 365 28 28
699 344 41 41
202 383 27 27
884 310 51 51
450 268 57 57
363 383 25 25
710 272 51 51
308 386 26 26
31 390 25 25
508 262 58 58
105 391 37 37
842 394 27 27
478 396 28 28
759 400 29 29
575 402 29 29
997 401 26 26
82 403 28 28
464 362 46 46
734 409 26 26
945 308 59 59
322 415 29 29
554 396 26 26
846 424 32 32
842 392 42 42
651 423 39 39
250 433 29 29
387 438 27 27
991 463 26 26
870 468 26 26
759 459 30 30
45 429 38 38
696 485 26 26
914 477 37 37
232 486 31 31
411 463 29 29
78 489 27 27
553 487 32 32
692 406 39 39
662 487 32 32
820 512 27 27
560 518 25 25
415 520 30 30
836 474 28 28
891 412 48 48
737 483 38 38
380 500 29 29
873 518 38 38
693 543 29 29
533 525 26 26
712 524 25 25
168 542 27 27
266 528 25 25
476 433 40 40
178 456 42 42
628 470 36 36
757 382 53 53
415 504 58 58
834 460 65 65
2_Demonstration_Political_Rally_2_90.jpg
47
728 210 35 35
814 165 32 32
445 170 87 87
82 107 69 69
144 124 62 62
393 185 52 52
322 292 26 26
521 248 48 48
148 339 26 26
66 310 25 25
582 346 45 45
274 341 30 30
535 269 58 58
252 364 26 26
399 163 83 83
838 387 27 27
884 166 98 98
142 371 29 29
888 304 31 31
723 429 26 26
782 369 41 41
300 438 24 24
874 433 39 39
349 438 28 28
889 351 49 49
703 280 54 54
516 220 119 119
438 243 86 86
934 474 35 35
652 481 27 27
761 480 27 27
202 320 54 54
517 496 95 95
243 488 53 53
426 513 49 49
469 310 129 129
792 452 55 55
218 486 57 57
211 459 68 68
885 560 30 30
763 598 27 27
113 604 26 26
497 511 58 58
865 510 105 105
797 704 53 53
218 527 62 62
782 671 74 74
12_Group_Team_Organized_Group_12_Group_Team_Organized_Group_12_235.jpg
48
71 279 27 27
560 9 30 30
665 497 31 31
415 231 33 33
490 531 28 28
473 591 35 35
430 587 56 56
626 711 30 30
690 724 25 25
196 410 191 191
262 632 29 29
932 708 26 26
357 845 26 26
674 764 46 46
71 774 40 40
187 773 45 45
366 786 25 25
473 818 33 33
151 686 30 30
116 790 25 25
432 633 43 43
516 928 26 26
302 696 31 31
477 915 46 46
545 700 46 46
364 777 29 29
269 697 34 34
508 961 32 32
382 812 37 37
181 828 57 57
908 787 51 51
238 764 52 52
544 767 50 50
190 797 39 39
638 816 56 56
728 710 55 55
487 788 44 44
304 803 60 60
249 805 58 58
515 982 30 30
144 801 50 50
508 1004 44 44
315 770 54 54
346 1036 29 29
409 1120 28 28
710 946 266 266
405 1139 26 26
556 821 86 86
0_Parade_Parade_0_72.jpg
15
435 54 28 28
734 355 28 28
454 388 29 29
121 333 44 44
296 345 47 47
348 460 28 28
742 410 30 30
820 414 28 28
745 450 30 30
666 552 35 35
276 482 49 49
535 572 26 26
888 402 51 51
894 540 73 73
882 564 100 100
13_Interview_Interview_Sequences_13_31.jpg
38
791 64 26 26
241 175 92 92
212 162 44 44
209 110 65 65
340 150 56 56
193 215 96 96
207 100 100 100
233 226 81 81
811 326 25 25
665 206 110 110
228 393 26 26
669 301 121 121
269 439 28 28
296 483 25 25
171 457 29 29
345 478 24 24
96 354 58 58
338 491 32 32
308 461 28 28
149 376 56 56
201 460 32 32
354 454 31 31
176 487 30 30
250 366 54 54
182 298 95 95
75 437 63 63
290 481 46 46
201 502 49 49
148 399 65 65
191 476 56 56
253 378 67 67
314 510 64 64
109 538 39 39
682 420 79 79
18 562 44 44
148 508 58 58
74 455 92 92
148 578 41 41
0_Parade_Parade_0_850.jpg
55
973 166 27 27
876 206 28 28
942 289 29 29
626 290 32 32
904 295 25 25
957 285 44 44
619 203 46 46
844 300 32 32
801 209 46 46
774 274 47 47
885 91 62 62
844 297 26 26
483 301 27 27
748 305 27 27
361 313 29 29
123 313 26 26
181 315 27 27
244 314 29 29
547 206 56 56
335 217 58 58
448 331 29 29
329 333 27 27
729 153 67 67
550 341 28 28
483 117 68 68
528 211 85 85
465 218 58 58
964 346 31 31
443 126 98 98
393 214 65 65
583 327 32 32
132 388 26 26
546 318 34 34
458 427 39 39
897 461 28 28
658 436 42 42
809 476 37 37
964 495 30 30
921 433 39 39
203 291 72 72
760 307 54 54
286 415 40 40
214 552 26 26
752 559 31 31
385 472 60 60
281 460 59 59
138 428 56 56
599 434 55 55
861 578 32 32
859 576 55 55
495 479 77 77
855 509 64 64
567 444 89 89
609 467 115 115
851 615 52 52
2_Demonstration_Protesters_2_370.jpg
38
875 123 26 26
210 240 26 26
506 224 57 57
441 208 46 46
935 130 26 26
755 151 30 30
582 243 61 61
266 241 51 51
476 251 31 31
118 246 50 50
373 276 44 44
699 190 62 62
632 228 35 35
536 312 46 46
114 281 59 59
37 268 54 54
568 183 45 45
208 132 52 52
443 295 60 60
234 300 67 67
278 233 65 65
314 246 58 58
560 187 62 62
100 299 104 104
480 344 38 38
495 419 34 34
257 412 47 47
262 433 47 47
237 371 70 70
178 457 55 55
595 458 59 59
381 438 51 51
149 463 60 60
510 496 75 75
156 672 27 27
639 577 65 65
458 576 121 121
509 833 29 29
2_Demonstration_Demonstration_Or_Protest_2_430.jpg
59
209 87 28 28
699 84 30 30
477 65 29 29
330 155 26 26
689 112 29 29
965 177 26 26
192 88 26 26
507 96 26 26
352 139 29 29
291 180 29 29
149 162 30 30
609 98 47 47
647 76 50 50
609 140 48 48
61 33 54 54
688 97 53 53
866 96 70 70
343 182 58 58
240 221 36 36
453 188 47 47
638 230 31 31
388 178 67 67
860 171 74 74
853 109 112 112
582 82 81 81
913 214 50 50
606 62 93 93
752 96 80 80
855 224 51 51
404 249 30 30
436 249 26 26
692 144 138 138
107 221 50 50
629 222 46 46
82 370 24 24
366 277 28 28
310 373 29 29
84 332 34 34
277 388 31 31
917 383 33 33
58 389 39 39
218 241 50 50
101 245 61 61
286 212 62 62
108 386 30 30
439 219 71 71
133 372 63 63
830 283 104 104
301 408 26 26
360 380 76 76
823 485 25 25
286 497 41 41
190 507 28 28
815 487 31 31
12 452 49 49
38 473 56 56
240 481 52 52
93 449 63 63
189 402 62 62
18_Concerts_Concerts_18_1015.jpg
95
750 340 26 26
247 349 26 26
731 317 26 26
21 83 31 31
772 358 25 25
884 354 33 33
488 383 50 50
612 452 44 44
212 373 52 52
678 369 49 49
624 348 59 59
406 302 52 52
224 278 72 72
68 337 50 50
22 12 62 62
634 132 78 78
918 14 79 79
290 310 60 60
212 338 59 59
57 32 161 161
601 50 125 125
470 38 108 108
393 627 54 54
530 318 67 67
401 224 220 220
299 7 114 114
408 15 178 178
619 665 50 50
831 646 33 33
386 330 68 68
823 598 52 52
680 8 120 120
615 603 61 61
152 631 56 56
760 614 53 53
18 744 43 43
911 508 68 68
726 5 184 184
506 658 60 60
614 522 61 61
359 834 49 49
398 686 48 48
13 704 51 51
619 862 58 58
125 691 47 47
140 692 64 64
582 507 98 98
857 885 52 52
300 643 89 89
572 702 124 124
145 692 89 89
415 918 51 51
117 913 52 52
564 972 81 81
769 905 88 88
898 999 45 45
368 885 53 53
199 1025 50 50
684 1054 36 36
787 680 134 134
791 543 110 110
450 1101 48 48
116 1040 53 53
762 949 71 71
800 1090 43 43
503 1147 54 54
860 877 90 90
139 1034 60 60
655 929 79 79
226 1135 52 52
645 1137 58 58
445 1267 45 45
196 1273 37 37
465 945 112 112
726 1112 80 80
807 884 88 88
181 1215 63 63
424 1216 61 61
496 1066 67 67
104 1225 54 54
24 1235 48 48
330 997 118 118
463 1008 72 72
367 1111 88 88
616 1210 54 54
201 1004 94 94
28 1058 109 109
426 976 105 105
152 1232 50 50
663 898 175 175
133 1089 109 109
180 953 189 189
540 994 117 117
837 1077 77 77
111 1203 93 93
13_Interview_Interview_2_People_Visible_13_189.jpg
47
569 189 41 41
751 245 40 40
230 88 25 25
448 256 26 26
672 248 48 48
686 234 26 26
911 314 27 27
812 258 47 47
576 234 29 29
411 171 31 31
513 207 35 35
411 51 58 58
574 23 147 147
279 38 120 120
248 225 52 52
803 313 50 50
512 192 49 49
155 216 62 62
916 248 52 52
735 350 28 28
292 226 97 97
510 221 62 62
391 224 54 54
169 201 56 56
919 347 55 55
566 360 61 61
458 40 122 122
293 54 64 64
905 289 75 75
662 393 28 28
733 378 32 32
610 228 83 83
621 423 26 26
611 424 26 26
253 350 66 66
406 507 27 27
671 495 32 32
793 368 52 52
681 420 65 65
294 550 27 27
218 548 29 29
640 612 26 26
638 441 52 52
528 493 53 53
620 544 68 68
89 623 71 71
924 689 55 55
12_Group_Group_12_Group_Group_12_80.jpg
79
279 117 38 38
224 161 24 24
522 102 34 34
703 126 30 30
647 145 26 26
406 106 34 34
72 148 31 31
933 184 28 28
409 134 26 26
428 212 25 25
221 132 33 33
131 115 37 37
104 174 25 25
901 214 28 28
593 116 35 35
930 137 33 33
347 129 36 36
637 118 36 36
803 120 33 33
528 162 42 42
972 228 26 26
286 154 29 29
834 172 33 33
65 174 35 35
640 102 30 30
520 120 28 28
106 168 32 32
130 145 33 33
702 103 31 31
647 215 49 49
581 160 34 34
463 123 44 44
419 227 42 42
534 222 45 45
644 185 48 48
599 206 56 56
527 204 71 71
614 183 77 77
768 287 36 36
805 270 30 30
91 275 26 26
873 287 33 33
423 256 27 27
302 303 39 39
423 276 27 27
875 314 26 26
788 339 26 26
616 345 28 28
179 289 49 49
610 330 29 29
911 243 53 53
756 338 27 27
778 393 26 26
820 371 32 32
652 362 28 28
184 322 33 33
867 267 42 42
393 384 59 59
666 416 24 24
98 421 35 35
239 420 31 31
449 379 52 52
337 427 30 30
932 296 54 54
79 312 56 56
44 327 51 51
746 424 41 41
893 399 58 58
399 350 53 53
332 361 51 51
785 324 60 60
802 395 58 58
748 445 40 40
138 453 60 60
667 394 65 65
736 448 55 55
755 478 26 26
810 483 28 28
36 465 38 38
17_Ceremony_Ceremony_17_765.jpg
28
626 170 26 26
185 166 50 50
726 186 43 43
356 201 64 64
312 305 34 34
524 165 106 106
123 317 27 27
63 322 26 26
271 184 98 98
417 335 28 28
100 464 26 26
97 484 33 33
877 284 53 53
910 356 49 49
76 477 50 50
136 394 58 58
399 428 57 57
219 525 50 50
391 573 27 27
276 479 91 91
25 648 29 29
158 468 68 68
303 588 32 32
125 616 54 54
98 604 52 52
129 556 65 65
7 614 67 67
292 547 75 75
18_Concerts_Concerts_18_60.jpg
19
312 37 614 614
717 145 158 158
382 209 56 56
99 283 103 103
721 232 251 251
162 399 52 52
591 256 139 139
49 416 67 67
609 502 25 25
849 315 93 93
393 306 139 139
494 369 77 77
238 444 49 49
463 466 52 52
445 493 54 54
403 491 53 53
20 465 64 64
710 603 61 61
469 467 70 70
2_Demonstration_Demonstrators_2_700.jpg
12
15 30 26 26
618 30 26 26
520 47 28 28
963 139 29 29
144 235 58 58
147 199 50 50
162 142 57 57
253 154 90 90
382 343 27 27
452 489 31 31
414 521 51 51
106 468 55 55
12_Group_Team_Organized_Group_12_Group_Team_Organized_Group_12_583.jpg
74
296 125 26 26
176 39 34 34
990 155 30 30
387 84 26 26
887 2 26 26
697 144 29 29
361 73 26 26
612 155 31 31
256 64 26 26
257 107 25 25
821 35 28 28
714 163 27 27
907 44 26 26
123 88 29 29
525 130 41 41
646 105 27 27
466 22 33 33
879 26 30 30
828 175 28 28
141 45 39 39
11 32 36 36
687 65 33 33
68 7 30 30
959 167 39 39
64 25 32 32
390 176 27 27
524 65 51 51
606 151 46 46
432 79 55 55
810 126 58 58
389 75 40 40
957 60 44 44
874 71 62 62
289 106 69 69
888 148 90 90
289 85 60 60
186 134 91 91
664 193 33 33
569 212 27 27
172 6 85 85
569 224 29 29
821 220 43 43
461 224 29 29
562 260 27 27
298 231 33 33
531 222 36 36
528 287 35 35
257 222 59 59
439 258 34 34
811 283 63 63
596 303 34 34
516 246 50 50
467 332 32 32
435 161 68 68
565 208 55 55
328 224 53 53
41 305 57 57
118 317 37 37
906 242 57 57
449 312 53 53
956 260 54 54
936 344 60 60
835 342 24 24
415 273 65 65
633 354 27 27
741 262 69 69
893 362 25 25
651 367 30 30
660 271 85 85
763 256 116 116
242 381 25 25
155 380 26 26
286 307 98 98
570 288 62 62
2_Demonstration_Demonstrators_2_781.jpg
66
228 111 25 25
391 198 29 29
535 218 31 31
700 40 25 25
719 41 26 26
989 239 25 25
365 180 27 27
757 244 26 26
751 221 31 31
548 155 53 53
126 212 25 25
465 209 39 39
67 213 29 29
255 174 56 56
226 142 28 28
133 256 26 26
52 239 25 25
550 194 29 29
424 243 28 28
913 222 36 36
471 188 32 32
557 215 29 29
546 118 54 54
953 275 29 29
844 293 29 29
494 327 32 32
694 229 47 47
186 337 31 31
796 313 39 39
780 224 68 68
926 250 58 58
96 196 56 56
836 223 67 67
716 328 55 55
574 349 29 29
779 252 68 68
588 349 56 56
808 389 31 31
290 382 80 80
341 376 50 50
686 437 42 42
372 364 63 63
905 467 26 26
613 474 30 30
235 378 63 63
843 356 54 54
300 452 33 33
530 487 48 48
753 478 30 30
375 424 60 60
761 423 50 50
739 506 30 30
739 496 49 49
518 533 49 49
21 455 70 70
674 456 70 70
98 466 73 73
611 474 57 57
825 480 68 68
296 436 94 94
882 654 28 28
322 559 67 67
594 532 74 74
749 538 98 98
34 528 154 154
52 512 122 122
10_People_Marching_People_Marching_10_People_Marching_People_Marching_10_People_Marching_People_Marching_10_619.jpg
16
67 202 28 28
420 24 54 54
782 360 25 25
426 454 26 26
150 451 33 33
134 591 27 27
790 574 28 28
801 356 38 38
108 445 48 48
690 466 53 53
74 523 46 46
117 523 68 68
0 676 26 26
455 556 82 82
689 580 92 92
791 708 52 52
2_Demonstration_Political_Rally_2_763.jpg
38
1 158 26 26
345 36 32 32
167 113 31 31
648 257 26 26
638 232 27 27
738 218 54 54
406 39 47 47
545 166 71 71
432 200 59 59
666 190 63 63
396 73 52 52
792 231 50 50
374 182 57 57
798 253 73 73
250 154 58 58
857 47 58 58
48 257 60 60
37 220 76 76
869 209 76 76
560 207 65 65
283 109 109 109
562 273 30 30
528 304 26 26
423 274 104 104
15 155 120 120
550 3 99 99
971 326 41 41
81 366 61 61
914 323 75 75
964 338 54 54
75 326 73 73
398 409 79 79
206 541 32 32
501 422 200 200
39 592 31 31
401 451 108 108
646 555 54 54
34 651 36 36
0_Parade_Parade_0_478.jpg
42
275 154 26 26
12 205 25 25
44 193 26 26
293 69 29 29
148 250 30 30
20 264 25 25
582 249 53 53
287 101 52 52
127 263 48 48
232 114 53 53
471 203 87 87
155 340 24 24
18 302 27 27
33 362 26 26
3 414 25 25
159 502 30 30
347 370 31 31
581 390 32 32
159 518 25 25
983 521 28 28
76 426 29 29
93 495 32 32
124 497 36 36
409 330 59 59
384 480 52 52
214 362 49 49
155 320 57 57
259 334 55 55
50 412 56 56
345 363 55 55
269 350 61 61
11 449 55 55
321 356 65 65
303 537 24 24
89 536 26 26
919 572 28 28
89 485 63 63
904 461 90 90
832 560 33 33
748 610 28 28
307 545 36 36
110 569 85 85
2_Demonstration_Demonstrators_2_547.jpg
108
524 80 33 33
841 125 28 28
532 93 28 28
220 160 49 49
585 220 31 31
869 248 31 31
71 225 27 27
541 140 26 26
171 180 31 31
16 230 28 28
452 207 31 31
686 115 50 50
508 11 59 59
27 245 38 38
198 112 58 58
483 14 82 82
7 253 35 35
172 141 38 38
819 139 50 50
480 161 49 49
627 156 59 59
206 101 134 134
798 340 36 36
400 328 26 26
576 329 26 26
829 341 26 26
395 171 52 52
728 185 42 42
687 150 52 52
812 367 25 25
988 367 26 26
907 370 26 26
805 263 58 58
250 225 72 72
629 138 56 56
332 246 54 54
381 235 52 52
344 176 51 51
144 328 51 51
829 386 29 29
21 155 48 48
465 134 73 73
849 201 55 55
348 336 44 44
765 191 56 56
871 180 56 56
933 198 77 77
680 135 87 87
863 319 58 58
241 272 100 100
798 329 60 60
870 199 58 58
527 389 46 46
785 203 67 67
343 303 85 85
322 413 26 26
27 302 102 102
170 212 90 90
862 157 58 58
897 416 39 39
292 455 34 34
297 482 26 26
220 420 55 55
736 506 27 27
755 523 35 35
967 549 28 28
905 515 27 27
388 561 29 29
561 565 24 24
620 410 55 55
689 412 63 63
12 572 25 25
115 598 28 28
618 527 32 32
943 608 28 28
365 432 56 56
373 471 49 49
933 449 60 60
975 634 26 26
130 460 66 66
939 490 54 54
479 631 32 32
283 620 30 30
526 610 39 39
942 529 55 55
632 460 67 67
938 508 54 54
733 508 58 58
138 495 51 51
422 541 56 56
846 599 37 37
450 658 26 26
899 629 49 49
149 534 61 61
218 597 53 53
147 563 64 64
693 585 68 68
122 419 72 72
650 654 49 49
698 648 57 57
170 626 50 50
650 620 50 50
102 598 62 62
623 406 127 127
88 555 74 74
312 641 35 35
850 690 58 58
904 670 56 56
18_Concerts_Concerts_18_855.jpg
9
678 27 201 201
106 169 62 62
52 334 27 27
814 298 54 54
416 194 171 171
870 303 64 64
713 437 58 58
110 612 27 27
372 619 68 68
2_Demonstration_Demonstration_Or_Protest_2_619.jpg
96
268 90 26 26
556 164 25 25
902 52 26 26
765 129 25 25
724 36 27 27
54 125 39 39
424 79 29 29
371 83 47 47
200 143 27 27
540 163 27 27
99 106 32 32
776 76 30 30
803 77 26 26
659 202 27 27
520 78 29 29
488 201 29 29
424 104 26 26
700 205 29 29
987 194 26 26
894 177 26 26
243 67 30 30
174 66 30 30
527 152 27 27
331 75 35 35
37 129 34 34
425 48 34 34
615 100 35 35
607 215 27 27
710 29 49 49
343 116 34 34
893 198 31 31
831 115 30 30
245 221 29 29
664 82 34 34
543 226 28 28
292 114 41 41
378 117 33 33
692 171 36 36
430 186 47 47
643 156 45 45
376 160 44 44
771 95 47 47
557 119 37 37
168 218 51 51
420 148 52 52
96 67 50 50
676 191 50 50
870 164 52 52
116 156 84 84
828 71 49 49
90 99 54 54
380 211 50 50
683 149 54 54
498 82 59 59
34 72 51 51
951 112 65 65
963 176 55 55
780 184 51 51
938 72 61 61
442 87 61 61
826 107 61 61
329 210 55 55
438 252 26 26
62 226 63 63
889 264 25 25
890 247 33 33
554 269 46 46
456 72 98 98
278 286 37 37
660 305 31 31
791 310 27 27
237 284 26 26
280 316 36 36
794 278 36 36
762 340 25 25
866 356 31 31
946 313 30 30
343 311 46 46
340 255 50 50
385 255 51 51
906 383 26 26
410 402 26 26
846 239 55 55
227 425 28 28
225 442 28 28
547 282 58 58
283 346 54 54
552 340 62 62
907 375 46 46
394 459 29 29
913 308 61 61
420 478 27 27
237 495 26 26
258 455 52 52
449 527 48 48
595 475 74 74
19_Couple_Couple_19_548.jpg
38
44 81 28 28
753 183 55 55
643 139 117 117
376 175 66 66
383 264 61 61
338 274 87 87
15 46 87 87
265 174 142 142
621 213 135 135
724 149 94 94
325 170 121 121
810 402 53 53
272 446 80 80
854 430 81 81
66 693 32 32
648 435 52 52
14 643 69 69
733 394 102 102
456 451 70 70
689 402 107 107
629 409 112 112
475 528 51 51
658 538 53 53
64 676 53 53
5 681 59 59
726 508 53 53
464 492 50 50
932 646 57 57
819 496 56 56
425 528 69 69
290 537 82 82
377 568 58 58
29 735 75 75
357 466 61 61
402 446 88 88
656 519 92 92
621 521 94 94
707 490 97 97
19_Couple_Couple_19_910.jpg
51
411 110 29 29
519 105 28 28
702 292 66 66
189 206 38 38
948 75 52 52
27 353 28 28
38 349 35 35
946 95 59 59
498 103 34 34
191 232 49 49
762 262 52 52
420 102 52 52
571 130 60 60
701 362 71 71
177 176 65 65
898 16 81 81
538 112 80 80
299 2 96 96
307 85 127 127
164 312 122 122
344 386 107 107
65 280 129 129
752 432 28 28
405 297 273 273
143 350 161 161
342 201 322 322
695 396 55 55
709 430 46 46
803 596 34 34
300 553 31 31
736 486 60 60
283 625 73 73
795 673 56 56
683 729 67 67
12 718 64 64
392 446 235 235
66 549 116 116
766 696 61 61
782 729 115 115
649 775 39 39
413 826 29 29
691 758 75 75
198 798 55 55
854 972 24 24
798 940 55 55
825 994 26 26
601 673 316 316
760 862 51 51
762 893 55 55
633 918 49 49
807 900 63 63
2_Demonstration_Protesters_2_618.jpg
101
144 75 49 49
450 193 41 41
597 20 47 47
807 19 28 28
767 188 34 34
478 21 46 46
201 44 26 26
845 26 25 25
614 202 27 27
813 237 49 49
76 183 27 27
3 52 25 25
267 120 27 27
239 48 54 54
60 168 30 30
958 53 48 48
291 30 36 36
241 199 28 28
1 21 32 32
86 248 32 32
314 91 57 57
361 151 42 42
838 15 32 32
746 30 38 38
765 212 35 35
47 210 40 40
458 245 36 36
417 187 34 34
920 88 48 48
266 113 44 44
584 246 36 36
700 46 53 53
668 105 46 46
175 216 44 44
755 246 50 50
562 152 49 49
601 148 62 62
454 259 66 66
728 114 55 55
120 247 50 50
886 236 50 50
319 244 77 77
51 167 50 50
709 213 54 54
694 157 67 67
929 157 65 65
355 166 70 70
882 21 47 47
251 235 63 63
514 150 61 61
514 171 59 59
877 10 60 60
688 193 79 79
857 234 56 56
665 89 88 88
75 21 68 68
856 262 65 65
319 426 30 30
321 469 32 32
906 412 39 39
681 443 46 46
851 473 45 45
761 496 37 37
113 287 58 58
537 394 64 64
831 525 31 31
38 293 52 52
918 369 51 51
304 373 59 59
522 282 70 70
772 523 50 50
111 327 60 60
230 306 57 57
30 461 57 57
313 466 54 54
77 525 58 58
100 302 95 95
799 458 94 94
473 310 124 124
471 483 113 113
620 460 144 144
831 544 26 26
359 620 30 30
105 527 82 82
417 661 27 27
319 609 26 26
893 623 25 25
340 463 100 100
388 672 25 25
758 532 102 102
779 672 28 28
325 630 28 28
152 616 54 54
511 639 51 51
328 635 38 38
561 579 56 56
386 561 56 56
242 593 60 60
308 626 56 56
448 599 66 66
764 565 69 69
13_Interview_Interview_Sequences_13_691.jpg
22
94 118 52 52
4 150 54 54
92 49 51 51
905 179 49 49
861 148 57 57
188 36 58 58
718 124 108 108
98 183 74 74
703 18 70 70
78 68 81 81
570 190 80 80
268 89 382 382
978 292 34 34
666 199 148 148
94 243 56 56
96 290 61 61
377 233 56 56
683 294 102 102
886 490 32 32
146 377 155 155
702 508 57 57
691 488 62 62
0_Parade_Parade_0_266.jpg
57
297 146 27 27
310 148 27 27
334 124 28 28
148 37 26 26
599 254 28 28
259 180 26 26
361 131 24 24
927 284 25 25
304 159 29 29
454 198 30 30
523 253 28 28
360 65 43 43
312 178 34 34
379 142 29 29
539 139 30 30
952 298 32 32
985 296 33 33
14 306 27 27
615 315 27 27
653 306 24 24
356 332 29 29
825 105 148 148
295 353 27 27
363 356 27 27
947 338 35 35
22 408 27 27
490 369 28 28
970 410 28 28
158 412 29 29
906 413 31 31
442 314 38 38
563 396 26 26
103 418 27 27
350 399 28 28
388 413 38 38
77 406 24 24
491 350 31 31
315 405 46 46
19 433 27 27
22 443 26 26
173 454 25 25
435 450 28 28
963 366 42 42
186 539 33 33
436 371 50 50
763 560 32 32
896 441 30 30
20 399 42 42
342 541 38 38
935 290 58 58
332 498 50 50
944 468 52 52
973 615 49 49
873 716 27 27
798 596 56 56
779 621 64 64
774 634 89 89
13_Interview_Interview_On_Location_13_728.jpg
9
342 263 74 74
126 469 420 420
12 138 290 290
707 549 64 64
443 1050 157 157
427 959 329 329
153 827 448 448
567 1018 107 107
767 1075 221 221
16_Award_Ceremony_Awards_Ceremony_16_270.jpg
82
346 505 44 44
5 31 76 76
222 562 60 60
231 37 125 125
502 376 147 147
717 393 219 219
453 143 139 139
219 513 77 77
420 518 79 79
276 279 146 146
738 132 109 109
185 46 218 218
57 184 118 118
399 77 191 191
690 40 280 280
289 469 108 108
283 543 93 93
440 189 275 275
517 524 95 95
756 224 249 249
742 164 186 186
634 527 147 147
82 541 149 149
307 613 176 176
256 652 53 53
183 922 24 24
211 899 76 76
180 924 34 34
105 783 58 58
792 624 66 66
22 828 56 56
455 696 105 105
805 696 58 58
380 795 119 119
525 936 63 63
597 941 80 80
537 612 80 80
697 610 80 80
876 755 107 107
695 981 81 81
450 549 93 93
24 546 126 126
470 794 91 91
1 818 78 78
610 659 197 197
63 675 171 171
378 926 138 138
753 1183 29 29
591 1098 74 74
279 1189 47 47
661 792 124 124
881 1205 31 31
509 1090 94 94
590 902 206 206
899 1230 65 65
592 1173 58 58
669 1463 57 57
702 1209 64 64
436 1088 63 63
827 1445 62 62
364 1091 70 70
667 1263 67 67
707 1291 42 42
670 1097 86 86
433 1294 90 90
766 1135 62 62
728 1380 76 76
912 1317 68 68
25 1283 66 66
821 1210 53 53
436 1090 95 95
231 1191 58 58
3 1312 75 75
30 1440 68 68
881 1370 85 85
898 1338 91 91
546 1305 106 106
885 1264 111 111
736 1354 107 107
225 1163 106 106
385 1194 301 301
790 1227 108 108
2_Demonstration_Demonstration_Or_Protest_2_1.jpg
96
151 25 27 27
536 149 25 25
149 108 25 25
352 64 30 30
179 155 27 27
244 89 30 30
157 206 25 25
44 4 38 38
39 49 29 29
225 5 32 32
210 134 39 39
122 14 39 39
571 240 33 33
73 159 30 30
345 80 33 33
738 204 30 30
749 253 27 27
168 167 46 46
413 251 37 37
478 35 39 39
847 94 38 38
50 91 47 47
522 150 47 47
66 175 58 58
202 248 49 49
321 60 62 62
205 207 53 53
608 250 40 40
881 110 55 55
398 57 53 53
25 228 48 48
894 12 33 33
935 266 27 27
270 269 28 28
299 267 32 32
76 203 98 98
354 257 48 48
839 264 35 35
348 356 26 26
332 4 53 53
310 268 28 28
151 363 28 28
312 405 29 29
155 385 28 28
955 277 50 50
459 394 29 29
166 446 30 30
371 301 27 27
103 323 35 35
132 444 30 30
612 463 47 47
382 324 34 34
938 316 27 27
712 280 34 34
778 256 57 57
156 421 39 39
97 293 50 50
346 382 54 54
622 419 45 45
758 386 65 65
514 472 51 51
827 330 66 66
150 376 53 53
483 286 39 39
156 434 60 60
435 494 35 35
827 285 63 63
262 438 57 57
837 406 73 73
561 413 74 74
482 428 79 79
822 310 54 54
426 525 28 28
226 548 25 25
770 538 25 25
913 516 28 28
674 575 25 25
325 546 28 28
497 552 30 30
468 576 32 32
612 526 37 37
409 570 35 35
668 603 26 26
423 618 25 25
761 643 30 30
747 603 46 46
666 584 36 36
700 502 43 43
701 595 68 68
32 548 109 109
872 574 50 50
590 557 51 51
907 551 63 63
752 622 56 56
196 496 79 79
907 593 68 68
2_Demonstration_Protesters_2_204.jpg
57
833 11 52 52
275 184 46 46
468 15 57 57
677 215 33 33
600 194 87 87
558 34 65 65
576 6 61 61
662 90 56 56
272 223 47 47
883 228 52 52
394 14 79 79
283 26 106 106
665 17 77 77
883 68 80 80
428 238 78 78
828 41 147 147
915 80 79 79
742 169 85 85
186 250 65 65
477 77 142 142
256 81 182 182
384 336 24 24
761 189 154 154
481 269 74 74
392 278 34 34
684 278 45 45
231 447 32 32
12 377 30 30
54 273 60 60
540 431 46 46
923 371 52 52
478 378 61 61
512 368 89 89
876 437 61 61
402 313 78 78
681 300 65 65
481 323 62 62
226 515 59 59
675 333 63 63
179 297 57 57
231 295 82 82
560 268 89 89
666 415 72 72
898 281 90 90
133 436 95 95
390 466 93 93
114 543 27 27
239 483 90 90
368 578 29 29
112 565 25 25
327 613 25 25
789 572 27 27
144 510 95 95
339 547 32 32
237 584 58 58
448 535 141 141
783 545 65 65
0_Parade_Parade_0_353.jpg
68
885 107 44 44
753 211 26 26
750 233 29 29
511 126 24 24
494 239 30 30
831 153 29 29
346 130 28 28
810 124 36 36
616 241 26 26
913 109 27 27
888 170 56 56
534 240 28 28
882 244 26 26
820 247 25 25
895 232 30 30
855 121 36 36
902 259 25 25
833 263 28 28
953 96 34 34
885 132 58 58
621 242 37 37
145 290 27 27
86 265 25 25
254 284 28 28
558 283 26 26
585 235 52 52
753 286 33 33
322 118 68 68
626 270 27 27
178 295 26 26
256 316 24 24
736 236 52 52
278 281 27 27
426 318 25 25
364 329 26 26
36 320 28 28
768 328 26 26
93 329 26 26
588 270 27 27
182 178 94 94
687 232 59 59
860 104 75 75
65 335 29 29
651 266 36 36
283 334 35 35
847 322 30 30
589 286 34 34
774 357 29 29
23 357 36 36
15 360 25 25
118 369 26 26
412 206 113 113
358 343 34 34
441 311 34 34
165 362 32 32
516 292 37 37
643 430 37 37
839 276 53 53
17 453 57 57
558 307 59 59
256 426 60 60
550 248 74 74
450 482 27 27
416 352 54 54
683 283 61 61
638 287 52 52
36 572 26 26
12 547 28 28
11_Meeting_Meeting_11_Meeting_Meeting_11_807.jpg
61
393 1 25 25
988 209 29 29
549 31 53 53
814 235 26 26
123 151 45 45
275 156 29 29
811 2 42 42
887 157 62 62
434 32 50 50
152 214 59 59
368 41 46 46
538 7 56 56
470 53 30 30
510 50 30 30
595 224 40 40
413 84 46 46
496 108 48 48
622 84 40 40
543 180 62 62
766 105 60 60
270 154 48 48
627 77 57 57
346 75 56 56
401 207 63 63
8 159 60 60
172 130 80 80
521 287 27 27
859 104 108 108
709 85 79 79
879 190 117 117
379 334 27 27
704 78 117 117
847 67 159 159
879 248 79 79
402 371 31 31
550 358 26 26
692 55 56 56
854 409 28 28
93 339 53 53
234 360 50 50
912 283 74 74
612 392 52 52
123 270 84 84
856 341 70 70
861 385 61 61
917 387 62 62
658 352 62 62
143 336 106 106
916 374 98 98
694 448 65 65
990 542 25 25
119 629 24 24
449 504 57 57
560 632 44 44
801 511 51 51
81 625 32 32
308 565 99 99
464 553 51 51
515 556 74 74
406 566 61 61
899 551 74 74
1_Handshaking_Handshaking_1_457.jpg
9
332 267 359 359
184 419 28 28
181 431 25 25
141 374 57 57
174 399 58 58
509 535 118 118
9 524 127 127
927 674 69 69
38 664 98 98
1_Handshaking_Handshaking_1_380.jpg
35
19 196 26 26
719 88 30 30
261 37 39 39
739 104 61 61
313 190 48 48
739 184 68 68
37 149 57 57
131 234 53 53
313 34 54 54
115 141 38 38
274 31 54 54
658 30 58 58
100 10 52 52
334 197 50 50
244 34 57 57
496 124 58 58
241 135 61 61
281 114 85 85
184 4 64 64
103 212 64 64
500 218 75 75
489 144 96 96
186 27 85 85
354 16 95 95
410 20 112 112
612 263 159 159
640 213 298 298
464 285 58 58
127 250 66 66
943 454 62 62
398 528 52 52
632 637 30 30
440 661 29 29
525 651 35 35
206 556 48 48
1_Handshaking_Handshaking_1_275.jpg
49
31 155 27 27
375 155 28 28
911 154 29 29
517 155 28 28
984 154 29 29
30 455 29 29
912 457 27 27
983 454 30 30
448 154 28 28
569 155 28 28
68 454 30 30
936 455 29 29
465 307 157 157
477 271 94 94
30 753 28 28
482 751 28 28
551 752 27 27
641 753 27 27
407 755 27 27
544 608 57 57
498 499 150 150
911 755 28 28
983 753 30 30
69 751 28 28
578 918 32 32
433 753 30 30
322 838 62 62
375 1054 26 26
31 1054 28 28
518 1054 26 26
569 1056 26 26
607 1054 28 28
571 1109 28 28
912 1054 29 29
983 1051 33 33
567 1083 33 33
278 961 74 74
338 1125 33 33
252 882 93 93
374 1355 26 26
608 1354 26 26
516 1354 27 27
29 1353 29 29
568 1353 29 29
911 1356 26 26
984 1352 31 31
374 1376 25 25
804 1412 65 65
304 718 105 105
12_Group_Group_12_Group_Group_12_935.jpg
132
17 110 25 25
216 64 25 25
90 87 26 26
179 175 24 24
569 220 25 25
986 195 26 26
842 218 30 30
849 22 25 25
380 198 31 31
985 176 26 26
592 134 27 27
84 177 28 28
63 155 27 27
120 155 26 26
294 153 32 32
906 22 29 29
880 115 26 26
222 157 26 26
985 247 26 26
645 156 26 26
818 176 30 30
820 92 28 28
456 52 28 28
110 186 26 26
512 185 25 25
610 253 28 28
530 164 26 26
362 119 25 25
966 31 28 28
530 120 29 29
688 186 26 26
438 58 26 26
739 257 27 27
916 216 24 24
553 257 27 27
15 239 28 28
631 190 28 28
325 59 26 26
49 192 25 25
360 0 27 27
497 63 29 29
898 60 28 28
49 33 29 29
353 189 29 29
333 23 31 31
131 279 29 29
541 20 61 61
836 200 80 80
300 286 25 25
204 286 28 28
486 290 26 26
65 289 29 29
650 312 26 26
353 352 28 28
404 350 29 29
827 351 26 26
152 352 26 26
532 359 25 25
394 379 29 29
593 317 26 26
938 376 27 27
428 289 27 27
95 351 27 27
758 421 28 28
415 406 26 26
46 506 26 26
506 423 28 28
354 319 28 28
560 421 26 26
440 408 25 25
232 488 27 27
257 411 27 27
34 354 28 28
976 492 26 26
241 453 26 26
572 392 27 27
499 494 26 26
815 428 27 27
431 454 29 29
686 452 27 27
219 523 30 30
470 355 30 30
806 456 29 29
408 525 27 27
361 483 28 28
949 317 30 30
363 472 28 28
958 348 29 29
34 392 30 30
15 449 32 32
530 528 25 25
147 302 34 34
538 484 32 32
700 375 43 43
163 534 26 26
223 331 61 61
99 462 67 67
245 544 36 36
390 548 32 32
710 556 30 30
461 530 26 26
595 528 29 29
902 559 25 25
781 561 25 25
432 592 26 26
949 613 26 26
402 561 26 26
141 599 28 28
274 597 28 28
15 563 27 27
893 635 28 28
955 564 27 27
203 603 25 25
120 632 24 24
74 603 26 26
694 643 28 28
768 603 28 28
655 532 28 28
248 631 27 27
20 608 26 26
626 602 30 30
579 607 27 27
549 667 27 27
752 666 26 26
806 664 28 28
625 666 26 26
314 616 28 28
49 676 26 26
112 673 25 25
78 659 38 38
585 562 28 28
236 658 33 33
13_Interview_Interview_Sequences_13_2.jpg
83
354 22 25 25
691 20 29 29
711 22 26 26
156 197 30 30
127 202 27 27
21 17 27 27
653 28 41 41
377 16 33 33
322 30 36 36
7 242 27 27
714 132 26 26
261 196 57 57
444 210 28 28
493 172 53 53
636 231 36 36
621 126 64 64
512 10 53 53
641 247 61 61
188 16 52 52
683 10 57 57
298 67 58 58
922 191 76 76
308 222 65 65
557 232 66 66
297 114 63 63
245 7 62 62
489 226 72 72
567 20 60 60
947 20 57 57
47 280 32 32
887 12 62 62
754 67 122 122
543 167 77 77
395 67 120 120
78 59 121 121
427 318 36 36
873 310 26 26
626 294 27 27
371 286 30 30
909 306 29 29
440 360 28 28
496 419 26 26
729 396 31 31
934 251 79 79
187 369 25 25
138 436 30 30
333 355 42 42
739 292 81 81
158 422 33 33
142 427 34 34
127 277 58 58
382 354 46 46
703 465 29 29
238 388 37 37
338 376 57 57
174 450 32 32
809 298 50 50
434 366 53 53
255 399 74 74
953 312 52 52
473 309 85 85
655 470 48 48
206 430 64 64
642 506 75 75
675 446 59 59
601 490 58 58
646 450 66 66
521 597 31 31
86 559 42 42
899 454 71 71
473 551 61 61
665 570 38 38
533 633 29 29
697 618 30 30
331 562 47 47
251 641 34 34
252 602 41 41
560 434 224 224
468 627 51 51
841 585 73 73
546 586 65 65
471 514 60 60
757 575 65 65
17_Ceremony_Ceremony_17_782.jpg
34
632 82 46 46
625 110 108 108
648 212 61 61
256 83 64 64
210 192 52 52
260 121 119 119
66 169 98 98
432 221 58 58
154 55 292 292
664 239 102 102
662 231 155 155
713 145 93 93
87 305 60 60
139 368 77 77
238 402 68 68
201 376 49 49
70 331 69 69
51 488 38 38
215 369 59 59
557 435 52 52
185 414 50 50
87 467 58 58
41 374 88 88
866 459 96 96
406 587 42 42
888 652 30 30
222 573 54 54
12 677 39 39
242 576 55 55
461 626 55 55
384 704 55 55
293 707 76 76
810 613 147 147
266 664 117 117
2_Demonstration_Political_Rally_2_335.jpg
170
39 214 29 29
143 151 26 26
443 156 33 33
726 78 36 36
575 60 33 33
663 62 32 32
856 131 26 26
841 173 26 26
922 195 34 34
858 66 27 27
272 198 29 29
326 107 34 34
746 22 25 25
985 6 25 25
898 46 29 29
166 72 31 31
379 158 32 32
71 46 27 27
854 111 32 32
876 151 39 39
908 6 24 24
239 178 34 34
473 176 35 35
36 228 29 29
180 113 28 28
11 29 27 27
818 94 24 24
657 170 56 56
243 97 31 31
349 216 55 55
141 100 28 28
687 116 32 32
59 15 26 26
337 59 27 27
582 137 31 31
940 117 33 33
606 162 40 40
831 38 26 26
942 148 25 25
613 79 34 34
108 152 28 28
737 145 31 31
4 240 29 29
81 246 34 34
650 115 52 52
781 130 30 30
142 166 29 29
38 253 27 27
638 226 56 56
852 32 29 29
24 74 33 33
471 1 31 31
699 212 44 44
784 251 32 32
69 64 29 29
904 6 33 33
28 149 31 31
229 227 40 40
34 78 34 34
878 137 32 32
57 138 40 40
278 158 51 51
466 27 34 34
142 120 35 35
818 89 33 33
330 93 36 36
161 38 42 42
745 174 45 45
320 53 44 44
404 122 47 47
461 106 65 65
540 99 60 60
711 110 54 54
547 214 55 55
468 19 58 58
358 152 56 56
372 193 37 37
741 249 47 47
485 242 54 54
156 261 39 39
340 262 51 51
415 197 54 54
213 266 41 41
105 269 50 50
933 259 55 55
175 261 51 51
398 261 62 62
695 261 56 56
266 269 58 58
162 177 62 62
401 239 58 58
267 237 66 66
48 120 85 85
749 239 64 64
81 224 72 72
906 292 26 26
332 300 28 28
830 297 38 38
520 305 27 27
650 304 38 38
44 316 28 28
770 197 55 55
696 315 59 59
587 337 28 28
712 374 31 31
886 346 58 58
444 391 40 40
128 410 27 27
2 414 30 30
420 422 26 26
162 422 26 26
282 321 64 64
375 335 56 56
1 437 27 27
552 294 40 40
828 436 28 28
74 396 59 59
331 433 64 64
269 430 61 61
64 358 38 38
465 292 54 54
583 494 30 30
110 301 51 51
553 327 51 51
29 416 42 42
3 335 50 50
239 373 59 59
696 364 52 52
208 285 60 60
314 382 46 46
478 464 42 42
112 340 61 61
746 436 34 34
630 305 61 61
664 415 69 69
828 484 56 56
106 312 58 58
884 316 68 68
818 466 37 37
942 383 62 62
888 503 33 33
618 400 61 61
34 474 54 54
668 493 58 58
840 338 70 70
346 507 65 65
142 440 58 58
5 473 59 59
372 306 79 79
836 363 57 57
533 300 103 103
715 449 72 72
505 434 132 132
906 366 102 102
102 538 28 28
11 526 28 28
44 601 25 25
618 577 37 37
653 540 54 54
914 565 26 26
212 627 31 31
12 452 121 121
474 414 105 105
939 619 27 27
6 553 31 31
778 573 71 71
798 638 42 42
233 551 79 79
343 541 59 59
537 574 63 63
2_Demonstration_Political_Rally_2_940.jpg
9
654 23 27 27
105 78 84 84
877 18 50 50
608 43 70 70
338 23 88 88
383 184 297 297
450 6 110 110
280 28 177 177
861 582 72 72
18_Concerts_Concerts_18_657.jpg
28
608 208 44 44
639 178 105 105
428 290 28 28
729 343 32 32
932 373 25 25
538 190 73 73
745 441 29 29
315 368 35 35
720 299 52 52
260 271 49 49
555 248 66 66
303 271 64 64
546 194 118 118
839 399 61 61
689 425 67 67
824 308 61 61
172 376 55 55
799 368 59 59
494 217 140 140
195 248 53 53
109 339 97 97
540 313 95 95
821 369 75 75
605 514 52 52
825 469 169 169
42 311 178 178
538 575 64 64
557 610 68 68
19_Couple_Couple_19_810.jpg
27
540 147 25 25
586 54 70 70
526 87 64 64
229 229 62 62
17 5 57 57
509 18 88 88
700 220 101 101
434 126 56 56
447 333 27 27
472 358 34 34
324 283 117 117
454 393 41 41
581 305 59 59
626 405 58 58
646 532 43 43
592 532 38 38
627 537 28 28
577 541 26 26
570 449 83 83
486 501 56 56
410 522 53 53
663 565 50 50
624 537 92 92
503 617 53 53
268 586 57 57
276 595 72 72
411 613 70 70
18_Concerts_Concerts_18_784.jpg
26
666 378 29 29
167 433 26 26
426 33 83 83
916 251 61 61
418 149 55 55
806 444 36 36
340 101 67 67
912 362 60 60
288 128 64 64
422 28 168 168
794 441 56 56
937 391 62 62
906 386 71 71
872 410 52 52
297 335 275 275
764 390 138 138
290 700 122 122
373 647 272 272
13 718 276 276
608 1034 61 61
246 1043 97 97
537 1064 56 56
596 1078 162 162
256 927 134 134
394 1233 61 61
341 1194 75 75
13_Interview_Interview_On_Location_13_510.jpg
59
744 342 27 27
815 467 29 29
653 510 27 27
555 188 52 52
739 317 30 30
477 215 28 28
785 485 31 31
439 115 98 98
787 496 33 33
690 376 52 52
555 169 49 49
695 336 51 51
769 483 50 50
380 261 83 83
860 322 61 61
817 94 178 178
661 99 180 180
88 48 317 317
779 571 26 26
820 559 26 26
875 621 24 24
762 541 27 27
517 596 29 29
751 597 26 26
966 641 26 26
25 432 260 260
244 418 286 286
961 651 25 25
632 652 28 28
28 234 194 194
995 672 25 25
101 173 293 293
384 796 26 26
545 788 24 24
644 968 25 25
656 954 28 28
566 1021 28 28
181 1047 25 25
553 1048 28 28
268 1050 27 27
965 1008 36 36
568 1074 26 26
734 1109 26 26
614 1158 27 27
213 1112 48 48
430 1249 26 26
556 1062 29 29
583 1078 31 31
193 1185 30 30
175 1328 52 52
442 1206 27 27
211 1287 48 48
415 1250 30 30
470 1253 30 30
124 1243 139 139
262 1212 49 49
144 1155 62 62
240 1283 60 60
161 1211 81 81
15_Stock_Market_Stock_Market_15_460.jpg
50
251 172 26 26
577 128 52 52
271 200 29 29
346 176 42 42
209 43 65 65
334 132 54 54
582 97 43 43
456 193 30 30
774 81 62 62
771 46 54 54
785 133 52 52
445 143 59 59
620 225 34 34
146 134 63 63
199 105 61 61
450 110 55 55
88 283 33 33
204 147 60 60
90 310 26 26
726 280 28 28
758 291 30 30
768 324 29 29
605 252 59 59
149 167 67 67
84 362 30 30
295 206 80 80
198 386 29 29
302 440 28 28
370 496 26 26
581 446 30 30
273 553 29 29
582 565 31 31
182 551 50 50
146 576 26 26
959 607 26 26
481 562 49 49
611 564 50 50
650 567 50 50
392 565 58 58
296 569 49 49
467 429 100 100
162 635 25 25
194 634 27 27
304 617 28 28
383 652 25 25
587 625 48 48
564 563 52 52
295 557 96 96
430 562 59 59
146 550 75 75
12_Group_Group_12_Group_Group_12_101.jpg
87
584 178 45 45
730 231 51 51
704 220 36 36
431 242 29 29
349 216 54 54
689 226 28 28
957 155 28 28
433 257 27 27
433 276 27 27
967 156 25 25
326 150 50 50
840 136 28 28
824 304 27 27
692 99 34 34
727 186 28 28
516 195 55 55
416 307 29 29
371 92 105 105
718 70 162 162
408 191 41 41
829 242 34 34
836 339 28 28
659 137 58 58
518 89 79 79
473 129 55 55
529 171 60 60
735 304 55 55
670 183 52 52
842 128 47 47
464 192 56 56
872 254 44 44
638 346 59 59
809 291 65 65
825 151 56 56
359 332 79 79
672 212 62 62
531 362 67 67
574 403 45 45
734 223 79 79
319 452 28 28
798 364 62 62
828 470 25 25
497 450 26 26
583 418 27 27
318 419 30 30
391 407 32 32
854 494 32 32
781 498 28 28
317 431 35 35
196 469 33 33
327 468 47 47
832 530 29 29
862 534 26 26
376 561 35 35
121 585 27 27
849 474 42 42
764 588 28 28
528 445 47 47
551 572 44 44
629 533 35 35
327 514 47 47
376 471 50 50
326 542 50 50
330 578 40 40
787 400 56 56
494 448 55 55
149 632 28 28
220 654 30 30
553 447 61 61
182 602 44 44
280 641 35 35
758 567 48 48
814 394 73 73
673 536 54 54
830 695 42 42
698 708 44 44
205 518 73 73
49 610 64 64
551 593 51 51
51 550 71 71
185 584 68 68
562 655 74 74
549 548 91 91
661 694 52 52
801 695 49 49
19 564 113 113
722 664 60 60
2_Demonstration_Political_Rally_2_382.jpg
71
557 44 45 45
978 135 28 28
963 99 26 26
495 308 30 30
976 58 26 26
564 402 27 27
283 32 25 25
987 89 32 32
420 136 27 27
937 437 30 30
980 101 32 32
169 410 28 28
958 7 34 34
947 40 34 34
469 201 32 32
182 36 47 47
396 19 43 43
225 123 48 48
954 94 44 44
610 24 54 54
953 169 50 50
959 340 53 53
213 69 53 53
277 33 50 50
929 425 57 57
428 189 44 44
210 30 72 72
279 294 64 64
130 398 58 58
156 101 81 81
926 243 55 55
163 280 61 61
145 61 84 84
407 468 87 87
139 2 73 73
178 27 74 74
12 9 88 88
238 16 94 94
431 415 116 116
899 8 91 91
370 517 153 153
413 365 142 142
378 360 192 192
544 587 27 27
691 690 28 28
946 698 25 25
541 830 32 32
95 767 30 30
276 821 36 36
443 596 59 59
684 827 59 59
598 880 54 54
489 1001 73 73
689 852 56 56
360 681 59 59
349 790 81 81
374 956 57 57
327 877 86 86
533 887 64 64
665 743 71 71
680 794 80 80
360 733 66 66
357 654 168 168
822 1180 26 26
904 1170 26 26
767 1034 56 56
34 1241 111 111
655 1117 80 80
611 1195 67 67
758 1260 85 85
612 1209 125 125
10_People_Marching_People_Marching_10_People_Marching_People_Marching_10_552.jpg
71
23 91 25 25
8 50 28 28
758 166 29 29
84 153 31 31
439 153 33 33
318 73 54 54
877 32 30 30
713 108 31 31
902 89 63 63
543 150 28 28
576 237 73 73
524 212 55 55
248 54 40 40
558 8 40 40
450 201 52 52
320 99 51 51
50 60 42 42
387 154 45 45
567 74 61 61
935 137 50 50
389 99 55 55
163 225 69 69
876 17 57 57
946 108 41 41
442 173 65 65
774 106 51 51
499 13 49 49
283 228 78 78
732 152 60 60
96 70 55 55
517 73 56 56
327 28 57 57
438 97 73 73
145 33 65 65
625 97 54 54
828 12 52 52
114 64 64 64
849 94 53 53
80 138 58 58
46 78 61 61
690 210 90 90
823 87 66 66
753 232 104 104
770 71 83 83
334 383 38 38
579 224 157 157
923 287 58 58
253 376 33 33
844 334 50 50
964 339 50 50
14 348 53 53
248 401 57 57
257 447 49 49
698 365 63 63
611 347 78 78
312 297 75 75
521 351 62 62
516 379 72 72
695 467 52 52
250 469 72 72
124 320 76 76
379 511 40 40
462 509 78 78
402 336 96 96
554 574 37 37
376 647 28 28
253 534 58 58
381 555 58 58
365 613 56 56
364 564 69 69
139 444 103 103
2_Demonstration_Political_Rally_2_187.jpg
52
965 60 38 38
39 471 369 369
416 358 290 290
592 739 36 36
375 90 406 406
590 770 26 26
720 742 27 27
544 827 26 26
723 790 36 36
722 835 34 34
661 917 35 35
52 874 49 49
715 888 26 26
660 670 61 61
540 982 28 28
558 756 31 31
253 1071 29 29
672 653 54 54
489 694 57 57
419 641 87 87
181 1029 46 46
599 976 57 57
134 1034 58 58
459 732 78 78
509 730 60 60
515 936 57 57
372 662 201 201
502 880 74 74
475 1211 28 28
141 1181 54 54
403 1200 73 73
721 809 87 87
618 1220 28 28
533 1245 32 32
217 1257 69 69
376 1318 29 29
637 1170 55 55
307 1325 29 29
335 1326 29 29
494 1244 42 42
283 1302 30 30
215 1196 61 61
323 1379 75 75
720 1209 74 74
225 1420 50 50
663 1374 37 37
621 1311 53 53
276 1377 55 55
548 1204 68 68
563 1193 100 100
479 1200 55 55
300 1248 73 73
12_Group_Group_12_Group_Group_12_62.jpg
96
432 88 27 27
301 218 42 42
652 143 53 53
948 45 28 28
402 112 26 26
645 14 28 28
395 129 47 47
410 92 25 25
831 24 29 29
554 147 45 45
188 154 53 53
557 15 26 26
131 187 25 25
800 127 58 58
558 171 32 32
475 96 27 27
684 33 31 31
585 36 31 31
206 134 28 28
93 58 30 30
708 4 30 30
130 147 32 32
253 136 52 52
515 173 30 30
267 181 34 34
418 111 28 28
338 161 56 56
716 145 38 38
294 159 52 52
463 182 54 54
744 103 51 51
428 82 43 43
617 201 57 57
276 220 66 66
399 195 56 56
546 225 61 61
656 164 51 51
542 193 63 63
329 119 62 62
904 287 34 34
612 197 116 116
192 330 25 25
618 270 94 94
484 386 28 28
323 337 68 68
540 398 27 27
567 394 39 39
278 430 27 27
536 284 61 61
542 420 29 29
363 450 51 51
438 287 103 103
122 468 29 29
562 480 29 29
134 322 55 55
354 337 57 57
560 502 33 33
223 443 45 45
383 396 42 42
989 492 32 32
261 325 58 58
880 514 39 39
299 461 58 58
139 406 56 56
814 387 70 70
759 328 62 62
190 365 66 66
198 312 64 64
366 501 36 36
167 425 57 57
783 282 120 120
752 384 66 66
216 416 61 61
208 533 46 46
603 517 58 58
536 365 65 65
606 482 56 56
759 455 57 57
759 536 57 57
664 374 81 81
445 358 74 74
738 326 148 148
572 417 95 95
412 585 33 33
451 606 31 31
26 632 26 26
484 645 26 26
653 647 28 28
284 650 28 28
766 653 26 26
156 618 34 34
591 602 33 33
662 538 62 62
825 621 48 48
544 553 67 67
763 579 60 60
12_Group_Team_Organized_Group_12_Group_Team_Organized_Group_12_868.jpg
36
570 1 28 28
724 173 27 27
476 88 34 34
453 115 76 76
547 157 60 60
460 194 58 58
472 85 53 53
759 273 37 37
308 268 27 27
750 302 27 27
931 244 28 28
737 321 27 27
446 266 33 33
274 280 35 35
715 297 32 32
701 400 32 32
466 388 73 73
282 260 55 55
302 258 55 55
56 385 56 56
261 364 87 87
779 311 105 105
451 283 106 106
426 414 56 56
688 419 68 68
255 330 171 171
288 508 48 48
796 394 97 97
224 558 32 32
42 544 39 39
386 497 59 59
592 476 71 71
478 509 59 59
476 458 51 51
654 503 77 77
423 434 60 60
13_Interview_Interview_2_People_Visible_13_668.jpg
16
231 108 28 28
61 35 201 201
913 367 27 27
595 460 27 27
709 468 27 27
690 281 241 241
933 551 26 26
920 449 34 34
84 575 32 32
806 362 58 58
164 504 35 35
706 626 26 26
596 453 100 100
238 488 60 60
42 680 26 26
6 672 41 41
15_Stock_Market_Stock_Market_15_554.jpg
76
469 138 26 26
593 153 28 28
788 223 26 26
225 11 25 25
758 131 27 27
785 206 26 26
20 34 29 29
622 163 28 28
609 244 32 32
554 237 30 30
924 236 31 31
376 75 30 30
821 103 27 27
514 122 32 32
354 189 48 48
443 170 28 28
293 228 32 32
616 151 35 35
588 97 42 42
162 215 32 32
705 145 32 32
714 34 58 58
562 134 36 36
116 219 37 37
508 174 56 56
581 128 45 45
371 103 53 53
650 130 55 55
256 219 57 57
348 152 55 55
100 153 56 56
488 167 59 59
184 88 86 86
231 264 45 45
229 96 120 120
589 120 67 67
912 318 27 27
775 329 30 30
460 271 30 30
477 172 83 83
648 181 132 132
495 215 106 106
80 272 63 63
49 228 100 100
293 320 35 35
129 389 31 31
53 393 39 39
88 390 43 43
533 400 28 28
61 416 27 27
676 296 78 78
95 415 33 33
200 152 62 62
259 258 61 61
423 416 34 34
58 417 37 37
679 423 67 67
466 453 34 34
436 348 61 61
620 447 62 62
3 397 53 53
898 455 56 56
458 497 55 55
841 369 77 77
738 426 69 69
639 504 30 30
601 570 60 60
176 512 94 94
254 595 85 85
344 608 54 54
285 621 54 54
812 606 73 73
766 553 58 58
235 534 63 63
508 516 132 132
145 505 84 84
0_Parade_Parade_0_120.jpg
73
275 128 26 26
846 0 24 24
911 130 28 28
344 212 26 26
503 146 26 26
440 57 29 29
972 252 26 26
914 306 26 26
321 310 27 27
740 198 29 29
235 231 29 29
534 232 30 30
490 238 33 33
812 122 32 32
802 287 28 28
359 3 49 49
756 88 52 52
948 224 34 34
375 41 76 76
103 303 52 52
949 308 46 46
237 226 49 49
696 58 103 103
732 80 68 68
372 63 83 83
487 314 26 26
894 118 64 64
436 323 24 24
46 329 26 26
662 326 26 26
93 186 73 73
205 366 26 26
17 203 85 85
24 379 26 26
160 379 33 33
19 233 82 82
278 395 27 27
61 334 35 35
118 206 80 80
40 316 30 30
665 400 26 26
202 349 28 28
266 354 34 34
2 415 30 30
766 448 29 29
522 333 33 33
73 526 27 27
877 376 36 36
62 579 24 24
404 461 28 28
885 559 28 28
156 332 44 44
913 472 29 29
102 510 39 39
210 521 37 37
203 480 45 45
806 396 65 65
864 454 37 37
57 564 32 32
900 498 57 57
17 453 53 53
813 425 54 54
137 409 56 56
143 568 55 55
808 365 66 66
270 383 61 61
873 355 83 83
73 425 65 65
58 673 26 26
497 646 32 32
996 696 28 28
978 736 36 36
47 709 60 60
16_Award_Ceremony_Awards_Ceremony_16_134.jpg
208
560 472 28 28
347 430 28 28
220 53 27 27
656 636 33 33
520 499 36 36
583 582 30 30
560 590 29 29
424 792 27 27
259 714 55 55
21 538 26 26
361 624 47 47
652 556 43 43
421 691 31 31
549 197 28 28
672 710 29 29
489 818 28 28
956 817 28 28
652 579 38 38
256 699 40 40
385 673 36 36
661 735 47 47
344 705 55 55
562 463 57 57
594 737 56 56
604 622 46 46
372 741 57 57
416 263 119 119
556 576 54 54
416 212 72 72
620 615 68 68
459 352 65 65
370 706 55 55
472 784 54 54
538 275 68 68
607 718 58 58
209 57 205 205
690 636 82 82
432 580 75 75
927 804 54 54
913 851 29 29
460 385 109 109
424 546 96 96
830 941 26 26
712 754 75 75
335 871 51 51
554 787 84 84
410 500 114 114
929 898 30 30
12 291 175 175
672 395 162 162
706 684 83 83
453 696 78 78
786 988 29 29
149 360 178 178
154 592 183 183
361 846 32 32
842 552 174 174
743 1020 29 29
228 1028 32 32
110 1032 26 26
692 1038 28 28
562 713 98 98
63 1156 27 27
423 824 34 34
30 1124 25 25
615 235 178 178
879 1134 25 25
842 1130 39 39
650 825 102 102
720 1368 29 29
59 1057 30 30
55 1340 27 27
103 1129 28 28
438 903 46 46
220 929 52 52
276 941 37 37
173 1073 28 28
957 1430 31 31
709 1186 31 31
66 1443 28 28
65 1184 35 35
979 1254 32 32
5 1254 31 31
60 1028 32 32
86 1033 33 33
52 1099 35 35
121 1364 28 28
793 1502 26 26
614 935 52 52
803 1219 42 42
752 1390 32 32
872 879 56 56
171 1459 33 33
766 1020 38 38
522 1320 31 31
811 1464 36 36
919 1358 33 33
116 1479 27 27
978 1484 30 30
3 1495 31 31
582 874 55 55
870 830 55 55
545 837 54 54
817 1036 37 37
786 1443 35 35
783 917 53 53
4 1151 43 43
748 1476 32 32
240 929 55 55
349 822 57 57
965 1375 41 41
832 827 53 53
868 1067 47 47
670 936 58 58
768 1567 27 27
794 1553 30 30
947 1339 53 53
209 1018 50 50
793 1331 44 44
930 1581 26 26
713 1285 52 52
761 1094 48 48
711 955 56 56
779 1415 51 51
459 1254 61 61
909 1324 42 42
916 962 62 62
749 1519 33 33
955 1176 51 51
943 1075 56 56
100 1104 52 52
695 1130 52 52
850 1110 52 52
826 1418 57 57
698 1166 53 53
906 1173 48 48
703 1204 56 56
914 1579 32 32
191 1337 57 57
903 937 61 61
190 936 62 62
444 1377 44 44
197 1287 54 54
385 1317 61 61
124 1262 52 52
6 1204 58 58
777 1317 54 54
803 1625 28 28
831 1355 52 52
31 1359 52 52
726 1376 56 56
772 1289 53 53
831 1220 57 57
328 1173 63 63
896 1346 57 57
856 1493 54 54
922 1302 58 58
887 1601 32 32
232 1035 58 58
884 1242 67 67
773 1354 58 58
76 1542 50 50
708 1047 60 60
821 1324 58 58
4 1492 46 46
17 1483 56 56
798 1153 58 58
902 1422 59 59
68 1427 61 61
140 1451 60 60
941 1500 52 52
467 1339 60 60
51 1476 51 51
739 1502 51 51
946 1414 67 67
86 1250 72 72
121 1611 39 39
838 1546 60 60
106 1546 65 65
81 1684 27 27
894 1574 54 54
756 1579 55 55
880 1669 37 37
816 1753 35 35
40 1759 27 27
398 1559 63 63
855 1709 30 30
938 1716 33 33
72 1765 33 33
927 1524 67 67
360 1628 51 51
918 1689 35 35
768 1594 56 56
134 1606 56 56
933 1618 61 61
656 1873 82 82
775 1715 54 54
237 1979 108 108
781 1755 57 57
102 1691 48 48
969 1622 50 50
228 1862 60 60
132 1708 46 46
138 1987 71 71
337 1632 65 65
649 1858 158 158
920 1692 83 83
378 1677 111 111
12_Group_Large_Group_12_Group_Large_Group_12_849.jpg
47
555 72 24 24
235 223 28 28
132 250 28 28
765 228 26 26
732 204 28 28
606 111 28 28
141 288 26 26
736 264 29 29
204 212 28 28
682 288 25 25
870 254 37 37
126 223 45 45
797 117 55 55
661 314 24 24
714 310 28 28
250 314 31 31
424 321 33 33
226 409 30 30
385 376 24 24
700 416 29 29
392 529 26 26
462 557 28 28
981 376 26 26
741 363 29 29
363 426 27 27
17 521 29 29
817 318 28 28
298 339 35 35
393 341 32 32
207 453 47 47
636 355 54 54
247 421 54 54
319 518 57 57
507 516 60 60
582 474 87 87
493 429 70 70
745 397 68 68
128 390 63 63
207 393 65 65
742 590 27 27
573 639 28 28
457 615 33 33
653 634 32 32
871 629 33 33
526 585 56 56
637 606 62 62
477 622 73 73
10_People_Marching_People_Marching_2_40.jpg
137
100 143 28 28
252 83 33 33
353 125 35 35
419 197 28 28
475 200 24 24
511 84 28 28
759 85 28 28
898 88 27 27
94 89 28 28
226 89 28 28
5 194 55 55
28 49 26 26
56 158 28 28
134 27 27 27
399 157 35 35
332 204 27 27
365 51 28 28
44 131 44 44
605 74 30 30
260 116 34 34
674 97 28 28
229 206 28 28
56 232 27 27
718 140 29 29
152 211 58 58
780 207 29 29
105 35 26 26
161 72 29 29
174 36 24 24
694 185 29 29
664 206 40 40
752 56 25 25
403 36 25 25
936 190 26 26
144 124 28 28
416 99 26 26
135 79 28 28
512 213 25 25
666 233 29 29
510 38 27 27
359 237 29 29
471 84 26 26
717 240 31 31
691 258 33 33
391 112 48 48
932 246 54 54
197 33 33 33
338 95 38 38
840 250 51 51
19 233 33 33
758 11 49 49
701 5 55 55
768 160 40 40
885 14 47 47
204 50 35 35
118 62 47 47
404 96 37 37
426 175 43 43
875 132 50 50
791 10 58 58
330 193 50 50
879 218 52 52
488 125 59 59
298 34 49 49
11 250 55 55
118 260 55 55
718 250 59 59
754 122 62 62
62 82 57 57
791 31 66 66
869 28 62 62
255 142 61 61
340 248 66 66
55 250 58 58
594 197 70 70
885 268 26 26
559 276 25 25
382 128 105 105
800 284 28 28
108 287 39 39
202 292 26 26
845 62 103 103
243 290 27 27
258 319 25 25
545 312 28 28
919 274 29 29
657 325 44 44
625 354 25 25
922 372 35 35
980 327 28 28
985 364 32 32
901 456 29 29
2 484 29 29
484 398 28 28
620 332 28 28
413 380 30 30
389 501 37 37
926 389 39 39
166 295 31 31
226 294 31 31
293 296 32 32
345 309 56 56
717 273 60 60
956 368 38 38
82 373 46 46
96 494 55 55
725 428 46 46
967 283 50 50
435 365 59 59
848 454 59 59
382 467 50 50
334 404 52 52
388 546 31 31
748 348 48 48
711 370 54 54
530 547 45 45
864 550 40 40
658 278 52 52
307 429 83 83
848 315 56 56
324 370 70 70
783 431 81 81
891 366 70 70
65 435 85 85
428 288 94 94
835 307 85 85
448 356 152 152
177 324 113 113
10 559 27 27
872 546 32 32
53 631 48 48
347 567 31 31
330 604 62 62
328 624 53 53
38 589 60 60
691 568 60 60
222 589 63 63
2_Demonstration_Demonstrators_2_545.jpg
103
11 180 27 27
4 226 30 30
453 247 25 25
914 245 25 25
904 107 40 40
867 296 28 28
15 34 53 53
624 118 42 42
875 59 52 52
883 20 53 53
693 290 29 29
953 67 60 60
907 160 49 49
826 145 57 57
90 295 36 36
462 170 54 54
611 68 64 64
68 315 30 30
906 87 66 66
415 169 52 52
843 227 64 64
277 270 49 49
906 266 41 41
636 252 59 59
425 334 29 29
141 338 27 27
792 295 48 48
307 283 49 49
339 347 27 27
237 395 37 37
148 411 34 34
478 302 63 63
409 441 27 27
754 418 25 25
837 318 51 51
954 315 49 49
123 318 52 52
370 326 49 49
422 275 57 57
554 285 61 61
634 276 57 57
96 394 34 34
39 222 85 85
175 217 96 96
720 290 54 54
125 455 30 30
282 423 45 45
838 296 58 58
411 459 34 34
394 248 60 60
256 369 39 39
158 362 34 34
915 411 33 33
48 405 55 55
843 478 29 29
337 379 37 37
797 408 36 36
779 331 51 51
80 357 57 57
466 526 31 31
879 322 60 60
29 357 45 45
724 331 57 57
968 440 46 46
419 320 52 52
186 294 80 80
817 365 62 62
765 434 49 49
733 366 56 56
951 353 64 64
156 472 53 53
137 336 59 59
858 484 61 61
355 434 57 57
261 506 48 48
236 500 52 52
372 482 62 62
244 540 60 60
310 535 57 57
15 546 67 67
97 567 49 49
160 565 47 47
187 567 32 32
940 427 62 62
209 579 31 31
449 354 81 81
66 473 68 68
866 394 96 96
808 511 60 60
115 427 128 128
820 361 87 87
128 471 90 90
64 495 79 79
382 564 60 60
691 620 45 45
802 571 64 64
316 478 92 92
550 584 56 56
293 522 98 98
956 728 50 50
733 543 75 75
146 561 87 87
354 566 87 87
19_Couple_Couple_19_881.jpg
82
227 303 27 27
476 124 25 25
66 332 34 34
496 91 26 26
551 171 26 26
302 58 27 27
715 170 25 25
78 300 30 30
117 134 28 28
498 139 33 33
670 75 30 30
542 102 31 31
671 38 30 30
697 22 30 30
677 108 27 27
5 324 36 36
500 323 26 26
138 231 26 26
681 148 24 24
716 33 32 32
116 194 26 26
705 280 28 28
137 290 34 34
813 410 38 38
235 94 34 34
525 122 30 30
565 102 28 28
522 102 29 29
494 481 52 52
242 113 28 28
541 286 33 33
539 271 33 33
287 119 27 27
174 121 29 29
80 142 32 32
676 121 29 29
248 306 30 30
81 338 56 56
445 244 27 27
530 296 35 35
98 200 28 28
686 33 60 60
704 30 65 65
465 437 67 67
533 319 60 60
582 184 31 31
82 356 54 54
650 79 52 52
130 366 87 87
147 499 181 181
62 310 57 57
136 343 144 144
294 102 52 52
503 261 57 57
66 274 49 49
28 275 51 51
514 524 53 53
409 147 56 56
363 203 59 59
255 213 84 84
215 542 59 59
224 714 28 28
518 560 63 63
592 242 98 98
62 543 72 72
509 610 66 66
750 539 183 183
507 652 58 58
780 703 114 114
790 746 121 121
951 767 58 58
902 766 60 60
740 900 61 61
769 975 41 41
876 762 83 83
718 1112 51 51
693 947 66 66
540 944 65 65
532 891 72 72
554 998 69 69
705 994 70 70
572 1124 63 63
2_Demonstration_Political_Rally_2_365.jpg
45
137 165 36 36
59 113 35 35
95 134 49 49
661 185 57 57
56 162 50 50
44 240 47 47
964 134 51 51
957 103 52 52
465 169 72 72
671 236 54 54
582 259 46 46
896 248 71 71
82 264 36 36
833 208 104 104
82 294 33 33
582 173 79 79
134 127 120 120
832 170 152 152
171 354 29 29
339 461 28 28
850 282 53 53
236 365 55 55
907 306 85 85
10 362 76 76
632 289 61 61
691 287 77 77
89 434 61 61
202 381 62 62
156 418 57 57
155 473 49 49
172 393 64 64
947 461 56 56
848 442 59 59
856 293 75 75
7 451 63 63
449 304 91 91
221 465 74 74
82 398 78 78
63 490 67 67
332 529 30 30
156 462 70 70
302 616 29 29
61 554 66 66
13 525 53 53
245 530 63 63
13_Interview_Interview_Sequences_13_35.jpg
48
483 72 27 27
474 99 25 25
745 164 28 28
955 213 29 29
458 282 30 30
800 212 26 26
435 285 27 27
890 164 26 26
480 63 53 53
855 190 27 27
656 231 39 39
957 157 35 35
458 265 63 63
452 220 62 62
412 403 28 28
440 145 90 90
397 426 30 30
447 167 124 124
302 369 54 54
666 140 77 77
421 520 31 31
626 531 31 31
628 511 40 40
607 406 53 53
625 561 30 30
473 488 94 94
660 580 33 33
428 436 58 58
499 409 64 64
810 544 50 50
602 479 61 61
576 573 58 58
576 556 91 91
367 672 42 42
703 594 67 67
261 606 54 54
275 682 74 74
402 540 215 215
548 696 29 29
365 626 60 60
585 648 55 55
457 677 51 51
534 629 66 66
52 600 143 143
696 652 100 100
433 668 82 82
126 602 153 153
420 674 60 60
12_Group_Group_12_Group_Group_12_912.jpg
68
283 196 44 44
311 158 28 28
825 73 45 45
300 119 43 43
405 143 40 40
645 108 36 36
530 144 40 40
693 182 41 41
192 193 29 29
820 214 26 26
828 53 33 33
833 112 37 37
213 89 48 48
153 161 40 40
294 88 48 48
927 2 49 49
819 219 40 40
293 235 37 37
171 239 71 71
272 173 57 57
485 247 45 45
375 249 46 46
613 248 40 40
394 88 68 68
189 182 53 53
212 63 88 88
367 223 55 55
276 228 53 53
115 226 58 58
240 307 27 27
433 389 28 28
599 343 32 32
276 347 28 28
858 236 69 69
583 376 26 26
698 308 36 36
426 261 35 35
383 421 25 25
678 378 30 30
549 346 30 30
232 350 31 31
319 390 36 36
236 314 34 34
243 378 56 56
330 439 31 31
411 296 50 50
320 362 38 38
554 459 28 28
268 344 45 45
412 408 53 53
532 405 54 54
860 308 67 67
809 316 51 51
933 302 56 56
727 324 60 60
358 416 52 52
506 401 51 51
919 411 62 62
824 427 61 61
315 409 64 64
782 306 87 87
825 468 68 68
329 418 73 73
308 522 30 30
494 380 118 118
192 526 32 32
807 542 30 30
462 546 34 34
11_Meeting_Meeting_11_Meeting_Meeting_11_406.jpg
68
375 271 25 25
360 230 54 54
530 205 29 29
257 270 40 40
263 113 42 42
229 149 57 57
114 250 80 80
251 206 35 35
524 218 56 56
944 79 53 53
254 66 59 59
796 269 40 40
703 201 69 69
891 248 58 58
532 242 46 46
726 304 33 33
826 304 51 51
256 239 52 52
168 65 84 84
270 322 29 29
706 262 59 59
394 410 25 25
624 397 29 29
431 415 32 32
685 400 27 27
249 260 78 78
681 440 28 28
597 399 29 29
127 309 57 57
846 455 25 25
864 271 89 89
310 415 34 34
279 353 63 63
128 374 56 56
416 507 27 27
128 288 62 62
660 498 32 32
628 511 26 26
300 465 51 51
536 446 51 51
658 385 58 58
713 426 55 55
374 504 32 32
771 497 44 44
715 515 52 52
874 508 60 60
573 512 47 47
25 378 69 69
548 469 57 57
927 560 34 34
715 551 40 40
926 611 27 27
534 614 27 27
640 380 77 77
25 539 48 48
514 525 72 72
531 501 61 61
589 552 55 55
772 477 84 84
137 642 53 53
111 396 113 113
856 465 81 81
412 570 51 51
110 561 83 83
518 636 94 94
87 639 73 73
73 611 82 82
265 588 157 157
0_Parade_Parade_0_901.jpg
45
130 358 26 26
609 229 30 30
952 342 30 30
425 311 29 29
272 67 26 26
563 122 30 30
399 67 26 26
244 264 31 31
728 68 26 26
704 259 31 31
832 232 28 28
439 32 28 28
502 256 31 31
116 232 38 38
250 220 53 53
699 263 44 44
412 222 56 56
871 222 56 56
115 220 49 49
709 208 87 87
700 233 65 65
174 624 25 25
123 606 48 48
143 554 60 60
112 874 27 27
102 655 58 58
559 714 62 62
760 544 169 169
270 711 156 156
638 598 131 131
542 775 113 113
627 1115 26 26
399 1106 34 34
560 1036 35 35
210 1026 66 66
591 1035 44 44
676 1033 51 51
709 1031 56 56
540 1007 58 58
532 1025 70 70
685 1023 80 80
624 1002 109 109
123 987 157 157
545 1009 102 102
308 1014 108 108
18_Concerts_Concerts_18_828.jpg
24
840 69 45 45
838 96 57 57
882 175 54 54
759 175 85 85
579 436 30 30
548 201 58 58
634 440 39 39
763 202 81 81
576 240 150 150
637 457 30 30
525 469 26 26
616 534 28 28
334 442 76 76
382 635 28 28
365 634 27 27
475 481 59 59
837 528 74 74
351 614 33 33
372 609 29 29
312 608 52 52
308 486 58 58
910 487 72 72
449 423 108 108
155 483 126 126
2_Demonstration_Protesters_2_905.jpg
90
376 192 28 28
427 264 26 26
755 121 27 27
337 242 29 29
388 269 29 29
379 203 27 27
471 248 33 33
387 231 26 26
376 181 28 28
384 219 31 31
478 263 27 27
481 283 32 32
450 106 54 54
358 189 47 47
261 141 69 69
480 305 31 31
208 208 68 68
300 277 49 49
5 277 65 65
356 315 38 38
857 355 29 29
486 374 29 29
355 336 28 28
419 377 25 25
315 331 45 45
382 386 31 31
484 360 33 33
69 259 82 82
354 409 26 26
94 330 42 42
835 397 29 29
490 434 28 28
419 391 32 32
650 440 24 24
893 501 26 26
402 297 58 58
373 478 27 27
734 481 26 26
912 480 30 30
872 440 35 35
864 506 26 26
383 401 28 28
675 461 29 29
332 446 25 25
304 490 30 30
445 378 42 42
687 492 27 27
838 420 31 31
493 492 29 29
738 452 27 27
954 471 30 30
872 402 46 46
940 475 26 26
668 398 57 57
878 470 30 30
818 547 26 26
362 520 30 30
468 356 52 52
936 550 26 26
650 329 62 62
826 355 54 54
364 450 36 36
978 551 27 27
52 570 26 26
937 566 30 30
858 355 68 68
480 447 51 51
898 578 26 26
816 540 39 39
178 417 63 63
192 596 32 32
244 481 59 59
370 539 50 50
494 612 32 32
572 613 28 28
628 619 32 32
316 538 51 51
381 556 55 55
558 646 43 43
416 652 25 25
976 652 31 31
800 660 28 28
624 676 36 36
181 691 38 38
67 704 28 28
47 708 27 27
726 708 30 30
887 638 61 61
100 718 31 31
756 664 81 81
18_Concerts_Concerts_18_258.jpg
25
652 68 29 29
970 153 27 27
80 43 40 40
854 194 47 47
881 60 58 58
413 148 57 57
376 189 57 57
458 250 30 30
805 143 62 62
839 261 28 28
653 231 34 34
875 240 32 32
515 131 124 124
516 175 86 86
905 180 77 77
134 260 38 38
528 381 25 25
841 210 65 65
174 392 31 31
848 365 27 27
398 305 58 58
620 305 96 96
589 391 107 107
698 411 56 56
314 401 62 62
17_Ceremony_Ceremony_17_211.jpg
36
549 237 41 41
218 213 46 46
584 237 47 47
773 128 38 38
761 211 49 49
812 262 30 30
679 223 50 50
803 271 38 38
837 155 65 65
350 100 84 84
776 256 60 60
326 276 54 54
88 190 87 87
37 249 130 130
407 385 29 29
523 502 26 26
578 333 34 34
942 484 34 34
978 501 28 28
230 523 25 25
978 524 28 28
925 379 53 53
583 373 51 51
606 506 33 33
938 468 50 50
920 445 55 55
113 394 56 56
829 526 54 54
895 528 64 64
364 363 84 84
661 678 26 26
177 698 28 28
846 696 38 38
611 666 47 47
181 733 26 26
760 702 52 52
12_Group_Group_12_Group_Group_12_522.jpg
58
26 221 26 26
329 173 40 40
368 175 27 27
712 163 27 27
697 275 29 29
305 275 31 31
353 5 44 44
393 231 43 43
401 4 42 42
298 233 44 44
372 9 37 37
710 154 55 55
719 271 38 38
488 249 48 48
592 259 51 51
681 229 48 48
184 230 49 49
263 298 42 42
788 285 51 51
723 300 41 41
368 304 45 45
106 225 54 54
881 291 51 51
814 242 51 51
220 276 48 48
429 208 108 108
855 318 29 29
653 401 47 47
377 356 26 26
270 334 28 28
358 408 47 47
686 340 31 31
663 444 30 30
159 344 31 31
221 392 34 34
32 381 39 39
501 392 51 51
468 567 25 25
790 487 57 57
492 368 60 60
773 424 74 74
44 418 114 114
317 601 25 25
334 622 26 26
526 644 24 24
244 680 26 26
452 683 39 39
210 677 30 30
399 681 29 29
584 692 28 28
316 676 49 49
517 677 64 64
865 691 49 49
809 690 60 60
713 690 58 58
94 664 52 52
680 586 59 59
80 592 64 64
2_Demonstration_Political_Rally_2_726.jpg
65
14 71 25 25
52 198 42 42
616 69 30 30
624 263 27 27
206 29 26 26
621 52 25 25
432 84 31 31
743 183 27 27
125 21 33 33
430 60 29 29
315 84 47 47
736 267 30 30
562 11 39 39
499 268 70 70
74 147 32 32
803 259 40 40
124 12 50 50
466 141 38 38
17 66 35 35
828 221 48 48
159 218 83 83
114 245 48 48
81 250 56 56
339 83 52 52
729 131 58 58
38 198 61 61
950 82 55 55
49 114 58 58
859 290 35 35
389 107 56 56
42 72 52 52
128 120 101 101
43 51 58 58
817 208 80 80
110 82 74 74
967 303 28 28
660 344 31 31
168 287 70 70
784 287 83 83
505 333 38 38
12 424 54 54
268 212 223 223
165 326 59 59
701 305 53 53
689 343 63 63
480 503 44 44
822 401 56 56
480 537 33 33
681 522 30 30
432 459 46 46
754 406 75 75
530 456 124 124
874 406 96 96
52 456 57 57
138 326 112 112
555 553 63 63
156 313 93 93
714 530 62 62
38 504 62 62
230 369 269 269
843 654 46 46
680 422 98 98
797 627 96 96
778 489 121 121
365 678 58 58
2_Demonstration_Protesters_2_559.jpg
33
262 270 26 26
367 120 26 26
172 173 26 26
339 121 29 29
108 255 29 29
551 112 35 35
910 114 34 34
822 108 61 61
530 124 56 56
400 117 49 49
104 287 59 59
12 208 61 61
876 167 70 70
442 240 60 60
506 276 77 77
596 245 81 81
689 159 62 62
595 116 68 68
227 104 147 147
202 109 69 69
741 115 75 75
7 118 77 77
431 126 89 89
31 240 84 84
16 270 96 96
217 133 114 114
456 450 30 30
726 429 65 65
49 435 110 110
90 677 28 28
876 623 50 50
529 591 113 113
571 361 72 72
13_Interview_Interview_2_People_Visible_13_381.jpg
19
776 128 101 101
367 173 177 177
533 118 272 272
99 72 261 261
170 334 276 276
819 463 27 27
455 294 138 138
299 353 64 64
790 427 53 53
798 452 57 57
515 459 57 57
559 326 212 212
799 518 25 25
387 379 193 193
808 603 25 25
528 511 87 87
806 588 52 52
429 712 26 26
542 629 55 55
18_Concerts_Concerts_18_252.jpg
52
638 190 24 24
85 84 50 50
608 182 26 26
499 451 26 26
513 303 46 46
837 405 25 25
504 483 28 28
660 585 24 24
644 543 27 27
644 585 27 27
626 588 25 25
625 548 27 27
663 557 25 25
482 175 61 61
628 569 26 26
642 571 28 28
506 359 49 49
690 534 54 54
712 639 25 25
839 435 77 77
678 573 34 34
359 685 27 27
352 703 26 26
878 500 55 55
328 715 26 26
438 712 34 34
688 591 54 54
490 225 138 138
785 319 66 66
760 522 52 52
636 669 29 29
293 768 29 29
377 756 26 26
701 564 45 45
639 593 50 50
606 800 34 34
749 819 34 34
744 773 37 37
752 723 53 53
900 602 52 52
822 642 51 51
793 654 51 51
769 653 51 51
686 758 39 39
527 916 47 47
841 524 101 101
75 739 50 50
715 767 52 52
410 611 68 68
238 796 61 61
283 756 96 96
512 1187 91 91
13_Interview_Interview_On_Location_13_537.jpg
47
180 187 25 25
374 405 25 25
364 453 28 28
371 472 27 27
498 371 29 29
142 194 47 47
203 158 34 34
1 246 57 57
916 576 33 33
348 243 55 55
731 587 29 29
878 369 110 110
790 634 27 27
671 651 28 28
174 584 34 34
579 726 24 24
629 341 282 282
649 728 28 28
757 581 49 49
672 810 28 28
544 794 34 34
570 857 26 26
486 689 64 64
818 792 51 51
599 877 69 69
517 569 123 123
516 840 57 57
96 618 60 60
980 925 39 39
540 941 64 64
703 968 110 110
183 686 304 304
511 819 104 104
518 1090 70 70
821 1286 57 57
123 966 354 354
454 1274 61 61
680 1183 64 64
534 945 323 323
467 1226 52 52
618 1045 88 88
859 1185 86 86
607 1070 121 121
862 1229 108 108
758 1122 167 167
543 1160 92 92
700 1086 254 254
2_Demonstration_Demonstrators_2_100.jpg
70
451 436 28 28
482 551 54 54
661 633 51 51
635 137 57 57
418 240 60 60
873 241 75 75
507 556 51 51
864 304 94 94
427 115 96 96
281 15 152 152
684 227 61 61
913 360 62 62
779 251 60 60
461 231 161 161
817 410 67 67
837 196 179 179
375 562 66 66
733 277 116 116
202 285 161 161
702 384 85 85
82 229 275 275
25 417 95 95
513 362 67 67
598 297 57 57
389 653 71 71
206 591 72 72
436 759 68 68
118 336 117 117
480 758 56 56
494 636 62 62
474 789 68 68
463 358 130 130
159 944 92 92
609 867 53 53
741 943 81 81
207 953 68 68
681 329 208 208
375 616 82 82
713 914 64 64
210 1013 54 54
894 1027 29 29
107 1051 41 41
807 1107 26 26
100 1114 54 54
27 912 121 121
745 972 145 145
719 1300 45 45
240 1277 65 65
402 1134 55 55
498 1142 55 55
171 1259 74 74
45 1002 74 74
323 1582 51 51
676 1289 56 56
634 1326 71 71
176 1194 82 82
180 1327 57 57
259 1454 69 69
271 1520 64 64
699 1245 67 67
644 1391 69 69
737 1016 78 78
142 1076 75 75
102 1032 91 91
666 1270 109 109
176 1168 125 125
168 1246 150 150
422 1369 194 194
309 1001 368 368
592 1617 27 27
0_Parade_marchingband_1_629.jpg
19
169 135 66 66
164 89 75 75
869 228 65 65
488 300 39 39
916 224 74 74
566 296 30 30
718 241 86 86
716 379 27 27
212 438 28 28
818 520 30 30
930 291 67 67
276 466 32 32
985 476 33 33
663 464 38 38
723 495 60 60
666 392 62 62
170 399 76 76
964 480 56 56
663 673 28 28
16_Award_Ceremony_Awards_Ceremony_16_116.jpg
81
910 499 26 26
454 297 28 28
536 306 26 26
4 530 29 29
850 532 29 29
484 54 52 52
528 75 55 55
561 417 67 67
401 183 99 99
554 168 107 107
589 38 74 74
809 466 55 55
403 270 60 60
550 548 52 52
74 110 58 58
35 509 68 68
423 332 61 61
758 331 56 56
190 39 184 184
135 414 53 53
561 122 66 66
426 293 55 55
283 401 104 104
734 348 66 66
371 376 91 91
354 110 176 176
134 325 66 66
581 265 94 94
86 572 76 76
703 257 68 68
178 277 77 77
139 663 27 27
715 377 89 89
151 538 91 91
138 645 28 28
5 293 85 85
58 697 30 30
590 583 143 143
786 574 154 154
100 694 37 37
3 274 144 144
1 705 36 36
900 956 28 28
30 737 51 51
323 819 49 49
859 596 81 81
717 677 60 60
708 728 52 52
214 859 62 62
695 770 56 56
936 921 57 57
869 919 60 60
892 1031 74 74
917 915 88 88
798 937 128 128
752 1062 57 57
796 983 149 149
856 1003 127 127
326 1061 137 137
625 1110 84 84
551 1079 161 161
712 922 267 267
384 1105 74 74
415 1297 37 37
437 1446 28 28
513 1412 27 27
699 1422 26 26
611 1296 51 51
363 1227 63 63
891 1234 75 75
370 1356 65 65
779 1335 55 55
954 1290 67 67
429 1352 53 53
630 1242 57 57
160 1384 121 121
385 1432 55 55
364 1301 68 68
693 1301 79 79
675 1276 142 142
178 1405 70 70
13_Interview_Interview_2_People_Visible_13_285.jpg
23
600 354 40 40
532 166 26 26
697 544 28 28
598 458 50 50
372 429 49 49
428 161 46 46
558 460 55 55
541 400 52 52
560 287 116 116
547 441 99 99
685 564 29 29
377 407 189 189
729 552 34 34
226 668 26 26
346 570 67 67
212 950 26 26
416 736 64 64
394 1083 25 25
759 646 104 104
740 919 60 60
501 963 55 55
537 982 76 76
515 987 73 73
18_Concerts_Concerts_18_469.jpg
45
295 214 39 39
305 101 30 30
843 216 54 54
313 129 33 33
308 185 36 36
98 82 60 60
659 236 54 54
273 285 33 33
264 254 39 39
634 286 29 29
10 308 39 39
258 264 42 42
474 258 53 53
155 326 48 48
720 298 32 32
3 275 53 53
917 304 26 26
148 402 29 29
904 402 36 36
906 388 28 28
625 413 27 27
912 436 27 27
909 286 34 34
217 306 77 77
326 226 139 139
223 345 54 54
886 406 57 57
143 425 50 50
232 435 60 60
866 343 51 51
4 239 140 140
5 401 59 59
718 293 57 57
230 485 51 51
286 428 58 58
30 452 68 68
226 340 74 74
22 515 59 59
875 462 58 58
713 284 89 89
148 570 26 26
156 569 25 25
182 570 32 32
891 619 31 31
172 564 42 42
0_Parade_Parade_0_873.jpg
94
909 269 27 27
932 280 26 26
208 303 25 25
475 309 27 27
14 293 27 27
820 307 24 24
850 329 27 27
188 348 31 31
399 325 33 33
686 353 24 24
296 352 29 29
81 372 26 26
272 371 29 29
510 373 26 26
930 298 28 28
740 314 28 28
171 330 29 29
181 355 27 27
684 377 24 24
800 352 29 29
196 394 25 25
190 357 30 30
930 392 29 29
963 394 27 27
149 413 31 31
742 358 28 28
131 400 26 26
12 339 24 24
96 358 29 29
897 380 25 25
656 436 28 28
82 398 32 32
769 358 29 29
495 317 28 28
160 402 27 27
366 321 26 26
455 398 35 35
702 288 28 28
10 364 29 29
815 318 31 31
144 446 25 25
530 361 28 28
626 365 27 27
579 344 30 30
668 365 26 26
560 448 27 27
958 342 36 36
57 410 26 26
108 423 42 42
932 452 29 29
2 393 27 27
334 370 27 27
711 409 36 36
64 442 32 32
783 411 32 32
323 449 29 29
123 358 30 30
740 399 29 29
621 292 57 57
956 457 30 30
829 388 30 30
222 432 28 28
34 468 24 24
316 465 54 54
259 347 29 29
727 497 37 37
617 485 30 30
877 478 31 31
431 365 39 39
897 402 44 44
91 465 33 33
928 386 48 48
823 514 57 57
911 442 48 48
327 514 38 38
314 420 54 54
529 419 52 52
484 520 27 27
779 371 58 58
948 471 50 50
655 423 60 60
923 401 56 56
92 508 50 50
930 541 58 58
143 558 26 26
615 464 85 85
121 580 27 27
12 510 68 68
459 535 57 57
666 618 48 48
116 633 51 51
817 566 62 62
649 524 66 66
878 598 68 68
13_Interview_Interview_On_Location_13_190.jpg
15
283 228 43 43
94 32 29 29
276 268 30 30
390 250 260 260
839 403 50 50
706 283 75 75
898 355 62 62
218 379 48 48
773 346 127 127
23 279 231 231
445 508 79 79
286 506 72 72
613 515 102 102
291 554 81 81
419 608 106 106
10_People_Marching_People_Marching_10_People_Marching_People_Marching_10_848.jpg
61
774 46 28 28
731 161 33 33
982 64 29 29
360 202 43 43
857 151 29 29
98 236 27 27
904 30 32 32
516 110 37 37
714 104 49 49
474 143 62 62
708 46 53 53
240 202 36 36
640 169 36 36
650 182 37 37
808 120 60 60
583 164 57 57
155 270 53 53
755 114 88 88
594 247 58 58
528 252 62 62
916 211 60 60
187 206 54 54
243 216 61 61
79 354 25 25
632 164 60 60
8 204 90 90
429 361 30 30
124 178 75 75
63 224 59 59
272 351 38 38
666 376 28 28
818 257 69 69
34 232 83 83
331 195 100 100
531 287 52 52
388 199 71 71
890 398 27 27
752 185 87 87
506 409 28 28
300 198 84 84
380 438 26 26
574 449 27 27
120 424 28 28
651 452 25 25
602 444 32 32
911 407 62 62
286 507 28 28
476 498 25 25
47 490 46 46
599 448 55 55
118 497 48 48
143 597 28 28
180 591 58 58
490 540 55 55
405 559 55 55
171 556 62 62
330 514 80 80
562 624 32 32
454 535 75 75
282 581 71 71
230 613 60 60
2_Demonstration_Demonstrators_2_329.jpg
98
348 177 26 26
388 154 26 26
427 195 29 29
854 163 46 46
202 53 51 51
554 225 26 26
337 131 30 30
52 111 26 26
668 136 25 25
548 202 26 26
655 180 27 27
722 164 32 32
415 120 27 27
959 75 27 27
797 253 26 26
372 100 30 30
36 2 30 30
764 252 29 29
931 180 35 35
678 232 34 34
681 258 30 30
196 184 33 33
788 189 30 30
714 170 26 26
697 236 27 27
632 233 44 44
350 100 29 29
107 18 46 46
218 162 27 27
379 121 32 32
165 163 28 28
601 183 29 29
596 245 32 32
746 192 34 34
248 84 33 33
436 223 42 42
208 100 43 43
309 70 48 48
122 87 52 52
253 38 57 57
438 39 68 68
307 258 53 53
460 183 41 41
45 42 64 64
247 105 66 66
663 141 44 44
957 215 49 49
585 179 49 49
957 66 54 54
526 245 60 60
716 250 54 54
669 98 60 60
903 205 59 59
962 289 26 26
838 259 62 62
247 174 58 58
97 280 35 35
719 146 77 77
726 280 34 34
462 269 80 80
962 350 29 29
296 379 27 27
588 379 55 55
935 277 57 57
963 327 25 25
571 398 31 31
279 401 30 30
267 412 30 30
241 415 40 40
607 440 33 33
882 398 33 33
628 292 60 60
212 399 33 33
276 394 55 55
771 372 52 52
122 333 58 58
678 506 26 26
187 438 58 58
876 418 48 48
162 506 26 26
788 526 27 27
808 309 92 92
554 387 52 52
701 455 53 53
455 447 67 67
52 279 93 93
236 432 70 70
823 541 26 26
876 553 27 27
798 567 26 26
948 573 27 27
266 364 76 76
181 476 64 64
395 515 52 52
846 552 30 30
922 570 38 38
942 572 36 36
848 542 47 47
11_Meeting_Meeting_11_Meeting_Meeting_11_26.jpg
37
971 102 27 27
306 232 40 40
280 85 52 52
223 58 70 70
726 79 56 56
298 92 50 50
756 239 71 71
352 70 58 58
289 131 113 113
158 19 111 111
195 25 106 106
504 250 55 55
724 221 119 119
87 86 178 178
92 312 25 25
441 95 162 162
729 109 134 134
780 365 28 28
52 415 26 26
924 315 28 28
958 421 39 39
558 462 30 30
93 456 38 38
69 468 45 45
820 352 54 54
945 341 50 50
22 482 57 57
905 359 60 60
66 512 48 48
813 436 65 65
69 439 63 63
312 406 145 145
768 411 85 85
643 556 29 29
342 493 115 115
853 579 34 34
965 534 54 54
2_Demonstration_Protesters_2_748.jpg
41
399 216 32 32
509 262 34 34
746 248 30 30
498 161 64 64
299 237 28 28
443 186 48 48
809 319 38 38
492 288 47 47
814 360 26 26
930 246 80 80
44 260 63 63
123 176 80 80
866 360 30 30
463 228 49 49
31 278 74 74
59 176 85 85
184 183 103 103
99 296 57 57
814 413 45 45
223 292 83 83
851 310 59 59
770 438 30 30
837 373 55 55
294 447 26 26
577 452 30 30
707 217 87 87
484 367 86 86
170 322 58 58
699 436 71 71
569 199 90 90
220 326 99 99
805 292 100 100
269 410 74 74
637 478 55 55
766 428 75 75
630 440 59 59
322 596 56 56
273 481 69 69
612 453 70 70
208 670 56 56
250 571 105 105
2_Demonstration_Political_Rally_2_791.jpg
84
426 89 27 27
380 163 30 30
345 95 27 27
889 122 48 48
290 201 44 44
484 133 27 27
277 152 43 43
761 118 28 28
747 153 30 30
902 225 26 26
492 50 54 54
590 47 69 69
401 143 67 67
25 106 42 42
938 68 51 51
731 172 58 58
398 121 58 58
58 28 60 60
434 83 49 49
697 110 57 57
305 147 51 51
881 156 55 55
294 92 57 57
831 119 58 58
273 48 68 68
769 209 99 99
429 264 24 24
836 108 106 106
968 291 35 35
929 280 30 30
34 414 26 26
6 249 52 52
544 309 67 67
957 428 30 30
648 277 77 77
508 430 28 28
57 430 32 32
305 432 28 28
308 351 55 55
582 456 40 40
187 395 100 100
541 243 82 82
29 390 38 38
390 353 72 72
164 402 53 53
31 460 37 37
56 253 98 98
318 466 37 37
55 424 51 51
238 309 70 70
303 423 56 56
630 458 57 57
149 268 122 122
583 408 52 52
31 415 57 57
857 342 108 108
584 482 26 26
166 426 64 64
60 492 26 26
403 491 26 26
617 496 28 28
15 513 27 27
859 519 28 28
744 340 123 123
79 512 33 33
989 520 30 30
338 542 30 30
104 530 26 26
956 509 32 32
381 530 38 38
830 532 28 28
823 550 27 27
44 509 43 43
489 545 34 34
950 535 28 28
723 519 57 57
911 523 30 30
910 476 48 48
226 483 48 48
314 487 54 54
632 446 49 49
282 505 36 36
518 466 66 66
460 452 54 54
1_Handshaking_Handshaking_1_134.jpg
49
260 95 26 26
660 4 31 31
328 222 41 41
935 84 36 36
472 215 30 30
110 244 30 30
429 165 31 31
614 244 28 28
929 169 28 28
843 1 31 31
72 124 30 30
119 176 63 63
541 63 32 32
642 263 32 32
511 37 30 30
110 269 36 36
967 274 33 33
814 124 30 30
707 89 54 54
594 46 36 36
195 159 40 40
11 146 59 59
556 99 54 54
967 272 51 51
620 138 46 46
860 30 74 74
551 254 60 60
302 90 84 84
881 5 61 61
549 117 61 61
454 59 76 76
462 106 60 60
906 162 61 61
782 183 85 85
300 56 86 86
461 318 29 29
567 348 41 41
93 342 51 51
464 479 37 37
277 467 35 35
848 564 54 54
329 581 49 49
902 540 90 90
859 651 26 26
796 578 50 50
751 569 61 61
14 678 60 60
466 551 99 99
630 604 74 74
10_People_Marching_People_Marching_2_269.jpg
35
80 170 24 24
612 183 27 27
648 183 26 26
820 190 26 26
77 168 30 30
647 41 72 72
208 54 61 61
606 12 128 128
204 227 26 26
765 238 33 33
58 227 27 27
637 244 26 26
272 134 136 136
36 277 28 28
491 266 33 33
586 294 29 29
61 296 27 27
336 267 30 30
693 236 28 28
969 238 28 28
731 322 29 29
750 366 28 28
953 378 29 29
127 282 54 54
56 287 59 59
274 255 72 72
776 331 62 62
116 285 86 86
444 446 26 26
409 393 49 49
780 460 24 24
736 444 26 26
886 425 41 41
876 404 57 57
446 386 67 67
19_Couple_Couple_19_509.jpg
20
221 349 50 50
746 577 94 94
599 435 65 65
878 470 60 60
443 521 76 76
793 456 60 60
864 517 71 71
421 368 59 59
110 523 84 84
385 430 69 69
448 369 111 111
565 589 116 116
487 640 90 90
843 610 157 157
692 433 123 123
295 404 87 87
354 516 114 114
598 697 100 100
382 352 161 161
532 789 62 62
16_Award_Ceremony_Awards_Ceremony_16_85.jpg
28
408 239 50 50
161 189 60 60
815 257 68 68
291 13 157 157
173 260 44 44
266 243 56 56
277 296 35 35
566 144 72 72
519 242 56 56
677 242 61 61
62 99 280 280
141 158 181 181
691 178 202 202
818 228 170 170
384 431 61 61
362 300 102 102
518 286 60 60
209 529 45 45
341 540 28 28
464 551 27 27
615 586 29 29
612 601 27 27
938 650 28 28
102 501 78 78
354 518 132 132
353 702 31 31
910 604 57 57
887 603 56 56
13_Interview_Interview_Sequences_13_807.jpg
19
140 60 27 27
266 118 25 25
225 157 25 25
96 165 25 25
122 135 25 25
16 279 47 47
173 81 192 192
382 129 216 216
132 158 131 131
6 391 27 27
176 499 36 36
76 381 60 60
95 312 60 60
191 426 41 41
459 452 64 64
129 390 54 54
333 339 102 102
433 347 120 120
163 538 79 79
13_Interview_Interview_On_Location_13_912.jpg
17
248 261 27 27
433 108 31 31
647 272 28 28
576 157 29 29
306 162 28 28
263 148 34 34
638 283 50 50
134 491 71 71
247 402 467 467
763 179 240 240
111 531 111 111
672 668 225 225
596 1045 62 62
528 1310 32 32
822 1392 28 28
866 1394 26 26
670 1384 35 35
1_Handshaking_Handshaking_1_733.jpg
20
993 80 26 26
163 88 33 33
464 217 70 70
610 160 34 34
159 82 54 54
280 227 108 108
763 165 140 140
598 196 147 147
539 279 188 188
770 266 162 162
804 315 32 32
609 453 59 59
778 327 64 64
729 316 64 64
664 490 61 61
534 448 129 129
551 634 27 27
858 615 28 28
655 638 34 34
638 628 52 52
19_Couple_Couple_19_1014.jpg
27
708 286 162 162
652 319 41 41
319 596 43 43
731 498 62 62
18 288 52 52
496 648 96 96
136 430 83 83
452 471 156 156
524 414 103 103
58 312 316 316
592 879 29 29
759 913 29 29
847 753 53 53
611 943 27 27
494 719 143 143
438 781 62 62
827 902 42 42
827 763 111 111
704 902 53 53
434 732 347 347
863 823 68 68
174 1190 31 31
669 975 76 76
521 1050 60 60
654 911 69 69
402 1093 86 86
647 885 119 119
1_Handshaking_Handshaking_1_522.jpg
17
222 134 29 29
716 64 71 71
704 32 56 56
607 234 32 32
641 201 69 69
616 306 25 25
592 334 25 25
596 404 25 25
556 342 30 30
673 427 80 80
782 475 66 66
250 479 64 64
614 491 62 62
249 513 53 53
493 511 63 63
535 488 69 69
180 481 53 53
