2_Demonstration_Demonstrators_2_456.jpg
54
831 49 29 29
392 78 26 26
703 26 28 28
770 63 28 28
474 210 28 28
310 42 33 33
355 33 32 32
244 96 32 32
692 215 29 29
554 75 35 35
343 35 34 34
401 118 43 43
246 112 59 59
304 87 58 58
296 140 53 53
438 22 52 52
740 51 51 51
485 41 54 54
814 104 60 60
233 18 59 59
547 36 55 55
680 78 61 61
7 121 67 67
284 178 77 77
368 204 69 69
169 213 80 80
72 50 68 68
536 23 95 95
865 251 29 29
650 261 27 27
678 279 25 25
88 417 27 27
843 270 33 33
682 308 28 28
461 376 31 31
138 436 33 33
271 251 54 54
107 406 43 43
459 392 48 48
74 401 47 47
840 247 59 59
635 437 76 76
433 466 53 53
135 313 61 61
460 351 69 69
13 286 89 89
940 547 29 29
713 503 63 63
432 482 33 33
911 512 26 26
122 524 32 32
923 496 55 55
633 484 48 48
224 484 54 54
19_Couple_Couple_19_139.jpg
18
465 227 53 53
516 199 51 51
815 257 54 54
365 160 103 103
570 221 73 73
671 291 28 28
434 158 61 61
340 218 95 95
676 307 54 54
607 388 33 33
611 394 54 54
443 368 66 66
710 355 75 75
403 377 70 70
790 584 25 25
403 463 85 85
392 525 71 71
177 616 58 58
13_Interview_Interview_On_Location_13_166.jpg
17
560 119 70 70
454 70 106 106
524 105 111 111
365 204 260 260
177 654 29 29
95 613 57 57
89 633 58 58
64 733 57 57
470 489 89 89
445 593 127 127
453 650 148 148
483 735 113 113
36 960 30 30
86 944 28 28
32 976 45 45
45 888 41 41
427 827 178 178
14_Traffic_Traffic_14_504.jpg
7
64 142 27 27
783 250 35 35
360 304 29 29
349 373 27 27
739 380 43 43
341 295 52 52
764 426 28 28
2_Demonstration_Protesters_2_525.jpg
84
298 20 24 24
296 4 25 25
344 100 27 27
979 178 28 28
976 138 34 34
602 71 33 33
741 24 55 55
682 51 55 55
373 8 66 66
682 150 47 47
882 110 53 53
851 135 53 53
116 91 64 64
739 46 73 73
826 232 50 50
655 41 75 75
852 163 60 60
179 16 124 124
629 287 29 29
992 305 27 27
591 341 26 26
757 249 33 33
240 315 28 28
778 317 26 26
364 333 24 24
949 349 26 26
140 347 30 30
762 239 31 31
97 350 29 29
712 361 26 26
76 379 25 25
917 376 25 25
201 381 27 27
363 382 25 25
622 308 28 28
475 396 24 24
462 370 24 24
842 396 26 26
997 399 25 25
322 416 28 28
244 369 28 28
304 384 27 27
28 389 28 28
575 402 29 29
759 401 28 28
889 420 26 26
666 350 30 30
845 425 29 29
103 394 33 33
829 353 29 29
50 431 29 29
654 426 31 31
734 406 28 28
181 420 30 30
759 458 30 30
992 463 25 25
947 434 26 26
386 438 27 27
482 438 32 32
648 376 40 40
708 273 54 54
931 326 56 56
760 386 47 47
447 261 64 64
584 440 40 40
300 364 50 50
48 410 50 50
445 298 70 70
79 390 54 54
636 415 60 60
199 347 76 76
696 484 27 27
838 472 31 31
756 437 69 69
414 519 30 30
255 417 60 60
550 485 34 34
658 485 36 36
374 500 32 32
876 520 33 33
443 480 27 27
556 512 30 30
717 501 56 56
369 504 67 67
2_Demonstration_Political_Rally_2_90.jpg
47
758 215 26 26
824 198 33 33
672 190 31 31
391 186 51 51
933 203 51 51
812 155 49 49
431 183 53 53
58 315 27 27
552 305 36 36
479 190 68 68
271 340 30 30
439 149 110 110
250 362 28 28
141 370 29 29
519 250 73 73
719 408 27 27
841 389 26 26
700 282 54 54
903 343 30 30
665 355 43 43
925 188 91 91
300 424 35 35
351 442 27 27
235 412 32 32
664 375 38 38
242 478 28 28
761 481 26 26
136 316 51 51
345 390 48 48
933 475 34 34
198 316 66 66
243 498 27 27
655 325 54 54
434 474 40 40
222 400 52 52
244 540 29 29
742 470 46 46
883 376 58 58
430 520 48 48
652 409 63 63
517 496 93 93
140 566 37 37
239 553 45 45
795 447 59 59
228 467 57 57
417 381 218 218
796 657 36 36
12_Group_Team_Organized_Group_12_Group_Team_Organized_Group_12_235.jpg
98
164 462 28 28
561 8 28 28
893 307 26 26
198 105 27 27
933 354 27 27
936 439 27 27
670 486 29 29
197 319 26 26
937 397 27 27
414 230 34 34
234 31 28 28
536 407 29 29
537 324 25 25
164 447 31 31
936 449 28 28
937 416 28 28
198 69 28 28
413 273 32 32
642 442 28 28
544 294 33 33
414 258 34 34
491 312 35 35
932 361 31 31
665 497 32 32
412 311 36 36
412 352 36 36
413 325 35 35
512 143 36 36
412 242 40 40
416 202 35 35
414 379 39 39
413 364 39 39
642 318 56 56
636 379 50 50
162 516 29 29
492 532 28 28
937 579 28 28
935 557 29 29
262 437 128 128
933 563 32 32
224 222 130 130
936 609 30 30
160 527 33 33
181 417 192 192
227 552 32 32
612 170 165 165
687 723 25 25
675 768 45 45
112 805 32 32
360 850 26 26
866 854 25 25
72 776 39 39
930 633 30 30
191 780 33 33
649 953 26 26
455 957 27 27
364 786 29 29
553 862 29 29
119 789 26 26
482 919 32 32
169 716 30 30
936 642 30 30
427 583 61 61
904 662 30 30
732 693 28 28
343 824 28 28
934 706 30 30
428 630 48 48
555 785 32 32
500 973 45 45
729 858 65 65
321 772 47 47
145 801 52 52
539 696 59 59
844 767 50 50
390 533 113 113
178 817 61 61
538 766 53 53
909 805 51 51
240 803 59 59
305 801 62 62
238 761 57 57
902 761 56 56
512 1042 25 25
742 1007 74 74
522 1073 26 26
406 1122 26 26
191 760 64 64
182 798 58 58
504 1016 50 50
108 758 89 89
111 789 83 83
613 1191 51 51
158 785 91 91
715 786 97 97
630 1032 205 205
100 1021 151 151
742 963 226 226
0_Parade_Parade_0_72.jpg
25
434 56 27 27
12 118 34 34
742 410 28 28
328 302 52 52
346 470 26 26
613 460 33 33
640 460 28 28
292 345 57 57
891 395 50 50
582 526 41 41
274 502 53 53
910 499 60 60
272 475 60 60
805 461 59 59
895 537 78 78
765 464 128 128
216 562 127 127
532 664 44 44
804 482 100 100
766 544 110 110
144 608 113 113
168 686 30 30
868 613 102 102
859 644 106 106
628 650 61 61
13_Interview_Interview_Sequences_13_31.jpg
24
717 216 28 28
826 36 54 54
194 251 60 60
721 247 62 62
209 101 84 84
226 165 119 119
653 289 143 143
170 457 26 26
123 489 27 27
149 374 46 46
250 364 56 56
182 303 81 81
15 479 52 52
188 479 52 52
74 434 58 58
819 531 60 60
140 474 53 53
194 501 54 54
540 464 58 58
194 468 66 66
154 576 40 40
608 611 27 27
215 517 70 70
319 551 51 51
0_Parade_Parade_0_850.jpg
64
990 168 29 29
969 202 26 26
872 206 27 27
654 260 28 28
206 186 36 36
522 121 32 32
393 42 51 51
331 218 54 54
627 293 29 29
943 290 29 29
772 277 45 45
973 161 45 45
484 300 29 29
158 177 50 50
894 225 51 51
382 248 51 51
954 276 52 52
538 201 46 46
477 154 62 62
544 206 55 55
792 212 54 54
729 154 68 68
542 148 70 70
246 314 27 27
363 312 27 27
88 315 26 26
549 340 30 30
872 215 75 75
132 163 76 76
365 117 104 104
536 172 100 100
523 206 91 91
121 346 38 38
900 460 27 27
280 473 46 46
660 442 30 30
577 469 26 26
214 505 27 27
814 482 32 32
456 425 32 32
946 292 61 61
633 551 33 33
109 476 36 36
646 410 47 47
860 574 32 32
751 554 35 35
495 517 45 45
382 465 63 63
105 498 41 41
449 415 60 60
746 575 35 35
859 592 30 30
627 597 30 30
950 535 58 58
272 508 79 79
179 502 64 64
856 520 64 64
848 617 58 58
629 495 100 100
640 462 70 70
856 682 52 52
376 529 96 96
490 550 105 105
948 577 64 64
2_Demonstration_Protesters_2_370.jpg
42
119 144 24 24
932 146 26 26
212 240 26 26
114 127 26 26
543 59 30 30
508 221 57 57
872 122 30 30
121 285 45 45
308 118 30 30
112 141 36 36
779 162 39 39
37 270 52 52
366 268 53 53
215 297 54 54
777 157 54 54
442 205 52 52
119 244 54 54
267 238 57 57
700 187 66 66
724 235 51 51
587 241 58 58
560 186 60 60
872 60 89 89
595 209 76 76
567 220 71 71
525 178 162 162
90 352 27 27
490 415 40 40
522 520 50 50
601 624 53 53
461 582 51 51
261 432 51 51
638 576 63 63
250 367 59 59
468 339 51 51
594 456 62 62
244 406 61 61
247 382 68 68
945 345 60 60
161 643 70 70
737 793 50 50
35 738 56 56
2_Demonstration_Demonstration_Or_Protest_2_430.jpg
30
965 179 26 26
686 108 36 36
329 153 24 24
809 132 29 29
358 138 26 26
478 69 26 26
107 85 26 26
286 177 30 30
110 39 56 56
346 184 55 55
447 174 53 53
852 226 51 51
609 174 57 57
611 91 57 57
285 210 61 61
819 254 35 35
918 383 31 31
311 375 26 26
823 389 27 27
473 239 36 36
102 243 63 63
854 290 82 82
267 384 52 52
133 368 64 64
348 379 67 67
30 445 25 25
12 520 25 25
154 537 34 34
284 494 49 49
50 468 56 56
18_Concerts_Concerts_18_1015.jpg
99
474 310 26 26
734 317 24 24
673 322 26 26
883 354 29 29
214 350 28 28
610 448 47 47
684 373 42 42
616 414 57 57
438 380 53 53
241 350 33 33
724 304 35 35
490 385 50 50
261 491 58 58
209 378 57 57
672 393 66 66
607 350 79 79
915 507 63 63
656 454 84 84
586 398 96 96
596 501 100 100
22 468 171 171
256 630 27 27
822 599 49 49
832 646 32 32
915 573 67 67
611 591 68 68
162 679 30 30
152 633 56 56
438 723 32 32
324 517 61 61
616 8 105 105
306 3 96 96
625 673 36 36
883 635 37 37
757 607 60 60
560 664 37 37
611 856 59 59
376 877 43 43
306 0 124 124
949 691 50 50
657 880 43 43
10 695 60 60
408 742 64 64
391 624 68 68
906 890 41 41
928 722 66 66
323 654 60 60
47 770 78 78
388 609 59 59
114 745 77 77
878 616 57 57
617 626 55 55
562 636 55 55
860 900 32 32
609 665 64 64
699 820 98 98
816 835 59 59
462 835 131 131
582 705 119 119
566 965 78 78
604 1067 29 29
149 990 48 48
568 1018 52 52
784 676 143 143
290 634 110 110
213 958 159 159
277 1194 25 25
113 1041 42 42
146 1119 37 37
758 913 106 106
572 1276 28 28
658 930 103 103
34 1089 87 87
441 1262 54 54
195 1266 45 45
272 1156 51 51
424 889 196 196
461 998 77 77
173 1146 60 60
497 1140 63 63
27 1239 61 61
171 1211 67 67
103 1215 63 63
434 1215 58 58
259 1209 61 61
841 1019 64 64
716 1111 94 94
333 1006 110 110
837 1079 72 72
391 1200 81 81
655 1200 66 66
579 1135 68 68
114 1141 72 72
365 1111 91 91
23 1031 104 104
822 1105 103 103
110 1193 106 106
136 1115 106 106
817 1178 124 124
13_Interview_Interview_2_People_Visible_13_189.jpg
43
570 189 39 39
463 255 25 25
916 249 49 49
752 245 41 41
685 234 26 26
444 63 25 25
156 148 28 28
412 172 29 29
515 207 32 32
643 264 31 31
812 257 50 50
672 248 50 50
788 301 73 73
248 226 49 49
624 304 55 55
930 303 54 54
510 223 56 56
735 351 30 30
158 221 52 52
287 50 73 73
895 276 90 90
735 371 30 30
224 375 29 29
574 355 59 59
919 345 56 56
628 254 162 162
173 208 76 76
848 384 28 28
670 494 31 31
404 507 29 29
613 424 27 27
946 432 36 36
267 370 59 59
843 394 37 37
635 609 28 28
680 430 62 62
622 613 36 36
274 546 34 34
973 628 49 49
362 397 89 89
90 713 34 34
593 732 27 27
662 805 61 61
12_Group_Group_12_Group_Group_12_80.jpg
71
280 117 39 39
489 53 30 30
839 206 24 24
703 126 30 30
644 146 26 26
71 148 32 32
222 132 32 32
428 212 26 26
409 134 26 26
107 166 29 29
197 99 26 26
835 172 33 33
636 114 39 39
225 158 26 26
286 105 25 25
592 114 40 40
930 137 33 33
656 203 29 29
524 102 33 33
801 120 32 32
931 162 33 33
469 124 33 33
970 223 30 30
347 129 36 36
128 110 43 43
65 176 34 34
401 104 43 43
533 221 47 47
646 214 49 49
415 224 47 47
518 194 69 69
460 121 50 50
892 169 121 121
809 269 26 26
312 244 29 29
768 284 38 38
301 303 39 39
177 293 48 48
91 280 25 25
875 313 28 28
97 344 27 27
372 332 26 26
822 380 31 31
868 283 41 41
756 339 27 27
919 389 31 31
787 338 26 26
463 395 33 33
870 265 40 40
897 237 57 57
664 417 25 25
394 386 52 52
338 428 28 28
95 408 38 38
42 426 31 31
95 427 28 28
93 357 35 35
91 380 47 47
810 457 31 31
747 445 45 45
42 325 54 54
435 362 70 70
80 306 55 55
37 302 62 62
32 460 43 43
887 398 67 67
142 467 31 31
809 478 31 31
756 477 26 26
130 432 84 84
232 373 127 127
17_Ceremony_Ceremony_17_765.jpg
26
736 216 27 27
165 156 28 28
194 201 28 28
560 288 26 26
132 68 98 98
418 334 25 25
124 319 26 26
311 386 28 28
100 468 25 25
190 348 36 36
134 394 53 53
89 481 41 41
293 533 39 39
351 371 52 52
396 375 63 63
216 492 52 52
224 383 86 86
169 479 62 62
858 372 64 64
276 465 88 88
257 426 96 96
9 517 94 94
10 646 26 26
31 650 30 30
97 605 55 55
293 549 73 73
18_Concerts_Concerts_18_60.jpg
17
960 221 48 48
66 148 422 422
99 290 80 80
244 444 39 39
852 325 80 80
184 398 58 58
500 371 70 70
393 311 128 128
789 304 151 151
462 462 57 57
401 491 54 54
29 396 84 84
340 501 60 60
708 607 60 60
828 586 37 37
303 551 88 88
518 418 205 205
2_Demonstration_Demonstrators_2_700.jpg
20
26 83 28 28
32 131 26 26
98 29 25 25
516 46 28 28
404 145 30 30
98 136 52 52
164 171 52 52
146 190 60 60
716 160 54 54
494 228 67 67
247 154 97 97
414 287 26 26
491 333 29 29
540 321 29 29
451 489 33 33
86 374 51 51
419 529 43 43
86 435 51 51
524 422 96 96
740 615 32 32
12_Group_Team_Organized_Group_12_Group_Team_Organized_Group_12_583.jpg
72
175 41 26 26
962 96 32 32
586 18 25 25
906 41 26 26
124 90 27 27
251 104 28 28
819 32 30 30
816 108 26 26
383 81 30 30
516 50 28 28
989 155 31 31
144 48 31 31
713 165 27 27
524 65 48 48
12 30 34 34
572 169 26 26
960 173 31 31
644 104 30 30
525 131 40 40
54 131 39 39
827 175 30 30
433 82 55 55
947 152 51 51
621 9 45 45
871 125 67 67
287 114 78 78
12 3 48 48
871 73 67 67
181 110 55 55
351 108 62 62
362 150 89 89
290 72 70 70
885 153 85 85
518 40 104 104
390 177 26 26
731 193 27 27
665 208 27 27
491 240 25 25
864 238 27 27
568 224 30 30
825 223 41 41
955 254 39 39
664 292 36 36
530 257 27 27
444 261 29 29
661 193 33 33
697 298 26 26
606 250 34 34
623 198 46 46
467 330 33 33
654 339 30 30
871 265 47 47
650 162 54 54
862 220 50 50
521 280 53 53
413 289 45 45
324 225 54 54
817 274 56 56
806 303 64 64
441 160 68 68
315 250 53 53
83 359 47 47
587 366 52 52
749 374 41 41
750 195 72 72
671 258 89 89
894 378 29 29
154 380 26 26
242 381 25 25
196 372 25 25
930 341 65 65
878 354 42 42
2_Demonstration_Demonstrators_2_781.jpg
50
337 199 25 25
534 218 30 30
552 195 28 28
390 198 29 29
745 221 26 26
958 218 25 25
424 227 24 24
43 126 27 27
294 229 28 28
537 231 27 27
466 207 40 40
254 174 53 53
920 226 29 29
432 192 29 29
694 233 41 41
547 152 56 56
542 121 48 48
846 294 28 28
503 330 25 25
930 247 60 60
774 221 83 83
487 360 28 28
927 208 58 58
575 348 29 29
348 332 33 33
735 114 121 121
827 220 74 74
230 324 58 58
712 340 57 57
818 435 27 27
593 348 60 60
739 506 29 29
534 488 41 41
426 424 40 40
284 375 80 80
678 454 45 45
532 508 33 33
281 497 53 53
293 386 135 135
673 470 55 55
214 433 69 69
613 470 54 54
736 486 63 63
264 503 70 70
549 596 53 53
322 562 66 66
27 460 68 68
764 543 75 75
413 627 73 73
51 508 128 128
10_People_Marching_People_Marching_10_People_Marching_People_Marching_10_People_Marching_People_Marching_10_619.jpg
29
460 392 28 28
124 490 27 27
128 541 28 28
789 545 26 26
790 580 29 29
696 574 29 29
788 536 27 27
872 333 31 31
782 601 46 46
208 401 40 40
33 408 58 58
419 488 55 55
461 563 68 68
113 518 52 52
108 445 53 53
2 572 53 53
73 517 54 54
645 470 61 61
719 553 55 55
697 588 52 52
104 565 74 74
32 393 83 83
453 600 83 83
676 574 96 96
300 579 161 161
660 710 105 105
790 701 39 39
644 646 135 135
666 644 100 100
2_Demonstration_Political_Rally_2_763.jpg
37
397 153 28 28
258 178 27 27
347 40 30 30
808 239 30 30
640 232 25 25
558 150 28 28
741 220 47 47
403 45 34 34
393 75 48 48
666 190 61 61
944 194 37 37
433 199 60 60
543 170 72 72
797 255 69 69
8 88 73 73
374 183 60 60
854 37 76 76
863 204 89 89
549 4 95 95
280 110 105 105
554 210 66 66
922 36 91 91
190 309 31 31
777 310 28 28
67 200 141 141
185 350 27 27
922 327 58 58
432 441 52 52
184 327 54 54
216 513 37 37
282 342 108 108
725 441 202 202
911 304 98 98
526 439 162 162
190 634 26 26
20 577 52 52
377 589 58 58
0_Parade_Parade_0_478.jpg
29
150 253 27 27
179 256 26 26
232 235 30 30
292 60 50 50
407 350 31 31
20 299 28 28
4 414 24 24
585 389 32 32
254 415 28 28
159 504 30 30
5 293 44 44
185 524 27 27
402 356 46 46
302 524 29 29
415 314 67 67
268 349 61 61
666 396 57 57
12 448 56 56
78 528 42 42
733 440 61 61
379 491 57 57
318 360 65 65
87 530 28 28
668 562 32 32
27 543 34 34
302 542 38 38
844 631 27 27
114 569 79 79
889 563 52 52
2_Demonstration_Demonstrators_2_547.jpg
72
996 247 24 24
527 83 32 32
292 199 25 25
70 227 26 26
929 208 29 29
639 165 43 43
246 193 32 32
214 156 56 56
509 13 66 66
819 138 48 48
292 142 43 43
695 186 34 34
28 244 38 38
22 154 46 46
980 346 29 29
255 242 58 58
4 258 61 61
802 260 62 62
804 341 29 29
332 376 28 28
480 162 51 51
809 282 59 59
862 200 59 59
907 370 29 29
13 184 66 66
391 168 57 57
858 153 60 60
604 135 90 90
137 324 56 56
238 408 28 28
514 161 62 62
334 440 25 25
222 428 31 31
926 450 26 26
295 464 30 30
376 415 41 41
760 522 34 34
619 527 29 29
968 552 27 27
534 483 30 30
388 562 27 27
735 503 31 31
108 593 34 34
562 573 27 27
848 599 31 31
365 429 55 55
849 558 27 27
683 381 83 83
220 424 50 50
372 471 49 49
314 483 50 50
419 444 50 50
198 642 26 26
183 645 28 28
264 646 26 26
928 430 62 62
949 533 48 48
610 545 45 45
850 638 32 32
639 466 62 62
312 596 53 53
699 657 48 48
357 543 57 57
430 542 54 54
106 434 105 105
558 591 76 76
310 613 62 62
210 593 75 75
62 612 112 112
701 615 124 124
851 688 61 61
549 607 110 110
18_Concerts_Concerts_18_855.jpg
9
861 139 29 29
120 176 50 50
53 336 26 26
730 431 31 31
568 522 69 69
284 554 27 27
799 659 25 25
186 574 48 48
552 543 174 173
2_Demonstration_Demonstration_Or_Protest_2_619.jpg
95
88 10 27 27
367 194 30 30
785 31 27 27
894 179 27 27
65 137 28 28
522 181 26 26
811 20 28 28
98 106 32 32
270 10 24 24
867 189 26 26
642 172 27 27
701 203 32 32
759 19 27 27
301 64 29 29
339 76 28 28
425 104 26 26
797 78 24 24
757 30 28 28
422 79 27 27
570 89 26 26
778 190 31 31
344 121 30 30
512 97 40 40
561 161 28 28
155 10 27 27
437 160 36 36
605 132 29 29
616 99 35 35
658 163 30 30
754 65 33 33
272 224 28 28
543 226 27 27
379 163 38 38
825 69 45 45
422 46 38 38
238 61 38 38
775 74 34 34
48 186 40 40
792 192 40 40
207 176 52 52
43 120 50 50
291 112 42 42
928 65 51 51
34 68 51 51
368 67 55 55
417 147 54 54
784 126 50 50
112 159 85 85
959 126 58 58
610 51 66 66
951 106 62 62
542 200 60 60
378 208 54 54
329 212 56 56
92 69 62 62
245 222 26 26
382 231 30 30
440 254 26 26
663 306 29 29
789 310 26 26
800 282 28 28
748 359 25 25
355 319 34 34
712 389 29 29
414 368 29 29
276 312 44 44
782 354 30 30
275 283 43 43
546 335 66 66
866 358 28 28
122 390 29 29
548 264 57 57
600 417 28 28
225 426 26 26
625 407 42 42
907 380 41 41
550 283 59 59
750 398 47 47
380 252 57 57
167 263 57 57
466 405 46 46
326 226 62 62
392 460 30 30
916 240 75 75
626 366 78 78
258 261 97 97
623 284 80 80
397 505 31 31
450 545 24 24
343 486 31 31
89 488 36 36
448 530 46 46
598 479 71 71
89 441 120 120
260 451 56 56
19_Couple_Couple_19_548.jpg
33
671 278 75 75
625 146 134 134
358 341 63 63
271 191 144 144
309 355 33 33
602 179 172 172
813 400 52 52
336 502 30 30
645 441 49 49
276 452 51 51
837 436 49 49
368 468 55 55
652 468 52 52
452 467 54 54
272 487 51 51
712 446 170 170
64 690 39 39
476 560 58 58
822 533 52 52
739 494 57 57
297 575 59 59
720 511 53 53
664 563 54 54
705 622 55 55
12 645 71 71
478 523 58 58
798 607 55 55
7 689 58 58
296 542 59 59
725 532 72 72
655 542 54 54
402 441 98 98
16 733 84 84
19_Couple_Couple_19_910.jpg
54
981 5 29 29
517 103 29 29
947 34 28 28
959 79 44 44
943 3 35 35
402 108 34 34
863 91 54 54
5 303 43 43
782 371 36 36
953 96 54 54
187 227 57 57
699 306 74 74
928 323 58 58
562 123 65 65
173 169 70 70
811 240 61 61
736 202 65 65
269 123 66 66
704 362 68 68
592 383 59 59
872 224 81 81
171 116 78 78
748 432 32 32
410 120 250 250
472 327 183 183
374 188 301 301
81 359 182 182
349 403 94 94
304 303 368 368
705 426 50 50
750 419 49 49
714 423 63 63
735 494 56 56
651 776 32 32
685 739 55 55
184 432 116 116
757 670 124 124
68 535 151 151
819 768 101 101
220 736 62 62
23 546 107 107
415 827 30 30
559 962 27 27
504 952 44 44
767 929 62 62
810 926 80 80
813 901 46 46
631 916 49 49
444 950 51 51
755 860 52 52
606 813 49 49
681 888 57 57
763 893 52 52
827 957 66 66
2_Demonstration_Protesters_2_618.jpg
90
63 173 26 26
142 75 49 49
607 191 32 32
806 19 28 28
22 225 24 24
454 195 35 35
523 162 25 25
53 229 26 26
601 151 54 54
478 166 26 26
164 32 30 30
315 88 58 58
5 174 27 27
607 138 30 30
237 47 50 50
517 174 52 52
585 246 36 36
292 31 33 33
665 107 47 47
1 175 34 34
474 18 51 51
123 250 40 40
820 245 35 35
700 44 53 53
52 164 43 43
876 3 50 50
754 184 53 53
931 166 51 51
356 166 67 67
174 214 45 45
559 126 59 59
596 16 54 54
955 47 56 56
723 110 60 60
920 88 53 53
452 260 68 68
108 291 66 66
452 167 59 59
560 208 52 52
250 231 68 68
66 50 64 64
223 56 72 72
680 134 90 90
806 227 68 68
222 180 72 72
690 183 81 81
700 12 75 75
848 260 73 73
312 234 104 104
668 141 141 141
636 430 26 26
766 506 26 26
806 430 31 31
830 525 33 33
678 443 46 46
538 393 61 61
771 519 49 49
505 430 45 45
23 426 54 54
308 429 50 50
898 399 55 55
75 517 50 50
31 464 53 53
712 517 53 53
365 344 54 54
790 408 52 52
305 372 55 55
471 339 67 67
506 320 86 86
750 280 78 78
528 282 65 65
453 476 72 72
226 300 71 71
452 493 87 87
243 355 89 89
894 327 95 95
910 553 26 26
767 618 26 26
361 621 28 28
830 540 28 28
388 674 25 25
152 620 54 54
590 654 34 34
440 569 44 44
469 607 48 48
771 559 67 67
32 570 70 70
246 596 55 55
553 575 67 67
28 594 93 93
13_Interview_Interview_Sequences_13_691.jpg
35
784 53 27 27
880 28 29 29
867 120 33 33
855 79 47 47
90 54 51 51
543 230 26 26
701 193 49 49
47 215 34 34
6 12 58 58
97 192 58 58
190 42 55 55
902 180 52 52
702 22 65 65
819 185 64 64
659 156 104 104
100 134 145 145
641 129 179 179
440 129 227 227
885 204 69 69
334 268 32 32
828 263 30 30
979 297 31 31
208 342 34 34
425 368 30 30
945 367 31 31
645 203 168 168
917 435 32 32
889 347 60 60
670 287 116 116
806 237 100 100
135 372 122 122
163 407 135 135
887 491 31 31
83 483 33 33
692 488 57 57
0_Parade_Parade_0_266.jpg
37
301 146 25 25
575 264 25 25
242 129 26 26
286 276 28 28
100 278 27 27
378 142 29 29
334 129 28 28
359 66 40 40
344 86 53 53
44 299 26 26
448 285 56 56
950 340 30 30
249 176 129 129
726 117 79 79
295 353 27 27
313 365 26 26
490 370 27 27
66 432 26 26
908 415 28 28
830 105 152 152
162 412 30 30
397 416 27 27
607 465 29 29
880 503 26 26
22 406 29 29
191 540 30 30
425 418 32 32
478 340 48 48
962 392 40 40
67 380 49 49
431 352 57 57
561 358 55 55
736 374 51 51
949 437 55 55
310 414 57 57
809 585 74 74
619 519 147 147
13_Interview_Interview_On_Location_13_728.jpg
9
700 506 37 37
356 278 59 59
12 403 44 44
10 159 216 216
115 453 437 437
708 553 62 62
399 354 242 242
766 1070 210 210
584 1143 114 114
16_Award_Ceremony_Awards_Ceremony_16_270.jpg
89
224 572 46 46
11 51 53 53
421 530 63 63
637 556 48 48
320 169 69 69
708 387 242 242
244 53 103 103
218 514 78 78
454 153 113 113
740 140 94 94
559 162 112 112
2 154 96 96
85 207 84 84
169 280 154 154
286 518 108 108
679 509 116 116
288 470 116 116
249 739 25 25
218 541 97 97
257 252 178 178
18 801 27 27
724 206 256 256
399 172 344 344
510 510 116 116
182 926 31 31
248 980 28 28
304 588 141 141
256 651 54 54
630 683 159 159
86 683 61 61
780 975 33 33
28 837 54 54
674 784 93 93
352 1146 34 34
369 801 107 107
383 1097 33 33
460 703 93 93
29 740 53 53
214 900 80 80
698 991 52 52
521 1040 53 53
797 696 61 61
440 1078 50 50
591 1178 34 34
600 957 77 77
437 1103 55 55
634 599 159 159
322 649 165 165
210 944 72 72
647 1039 72 72
585 1094 83 83
451 782 144 144
674 1091 92 92
872 718 120 120
513 1089 98 98
663 833 135 135
357 905 180 180
467 926 166 166
269 1246 27 27
828 1117 145 145
43 694 140 140
704 1214 60 60
963 1288 27 27
555 1288 26 26
298 1450 25 25
900 1235 55 55
657 1267 50 50
774 1399 28 28
842 1446 50 50
672 1466 56 56
823 1459 55 55
57 1445 43 43
591 1170 55 55
833 1405 131 131
21 1349 53 53
420 1361 58 58
243 1184 64 64
463 1352 64 64
423 1383 104 104
549 1349 69 69
544 1417 80 80
432 1294 90 90
720 1369 85 85
902 1311 79 79
723 1342 125 125
813 1167 98 98
206 1150 133 133
881 1276 130 130
707 1242 121 121
2_Demonstration_Demonstration_Or_Protest_2_1.jpg
57
150 111 26 26
171 152 28 28
244 92 25 25
353 68 26 26
170 168 44 44
210 136 38 38
931 136 31 31
346 81 32 32
478 43 28 28
128 178 30 30
568 238 38 38
242 259 30 30
523 161 31 31
246 28 49 49
345 12 39 39
883 105 54 54
598 247 53 53
122 270 38 38
392 239 60 60
429 142 58 58
327 105 64 64
157 424 27 27
122 429 25 25
154 385 27 27
779 416 25 25
532 492 27 27
310 406 28 28
163 445 31 31
100 505 24 24
654 502 26 26
200 521 26 26
567 422 37 37
480 285 45 45
960 277 45 45
804 454 52 52
145 374 53 53
493 434 58 58
324 327 64 64
902 473 54 54
399 558 45 45
552 390 112 112
339 331 119 119
200 496 70 70
502 553 29 29
120 639 37 37
769 535 27 27
513 536 26 26
763 641 31 31
424 617 27 27
470 574 29 29
657 624 43 43
411 573 31 31
749 603 50 50
264 607 52 52
662 581 43 43
913 558 54 54
470 548 83 83
2_Demonstration_Protesters_2_204.jpg
64
485 75 28 28
223 253 28 28
54 136 30 30
275 190 40 40
482 12 33 33
564 10 50 50
721 178 63 63
294 64 60 60
626 258 37 37
619 204 63 63
878 228 52 52
551 30 68 68
77 143 66 66
181 81 68 68
689 261 50 50
54 269 62 62
928 271 41 41
568 270 52 52
401 13 77 77
233 187 91 91
274 15 116 116
459 93 101 101
669 5 87 87
391 251 67 67
871 177 144 144
428 221 91 91
814 31 154 154
178 309 28 28
491 85 142 142
461 339 28 28
25 324 24 24
685 320 28 28
712 346 26 26
391 211 150 150
543 439 31 31
247 464 32 32
799 285 30 30
536 418 41 41
481 293 47 47
703 353 34 34
250 524 26 26
523 371 72 72
628 287 40 40
882 445 54 54
481 372 60 60
259 309 52 52
239 469 50 50
672 471 70 70
947 422 58 58
785 551 62 62
427 323 63 63
372 290 119 119
462 326 143 143
115 549 28 28
668 421 98 98
139 438 92 92
339 552 28 28
389 459 99 99
120 498 122 122
668 635 27 27
771 605 75 75
659 585 49 49
316 589 60 60
658 513 108 108
0_Parade_Parade_0_353.jpg
36
3 152 26 26
469 239 27 27
616 243 26 26
2 136 29 29
745 206 28 28
829 153 30 30
855 122 37 37
815 118 45 45
884 103 52 52
349 216 39 39
752 126 48 48
886 135 52 52
352 235 41 41
87 265 25 25
672 235 57 57
167 293 28 28
852 91 93 93
277 316 26 26
278 283 27 27
874 158 85 85
184 182 92 92
962 285 33 33
531 228 72 72
487 212 87 87
92 345 27 27
551 244 81 81
544 431 28 28
36 361 28 28
181 325 34 34
34 472 35 35
561 311 58 58
130 423 58 58
186 270 71 71
206 492 53 53
18 455 55 55
612 623 28 28
11_Meeting_Meeting_11_Meeting_Meeting_11_807.jpg
44
553 32 46 46
353 143 25 25
274 159 28 28
129 154 31 31
276 251 27 27
986 208 30 30
881 255 29 29
544 180 56 56
409 82 50 50
152 207 72 72
680 228 55 55
678 160 51 51
733 95 51 51
594 223 56 56
182 40 83 83
264 184 62 62
175 158 67 67
848 107 85 85
315 186 79 79
176 105 121 121
144 272 81 81
897 357 30 30
582 359 28 28
824 526 29 29
356 273 54 54
920 291 51 51
855 398 50 50
412 259 51 51
654 529 47 47
702 454 59 59
443 500 54 54
911 384 74 74
888 265 77 77
857 341 70 70
118 312 136 136
529 573 32 32
85 626 31 31
394 625 57 57
260 582 55 55
460 550 60 60
535 565 58 58
909 602 60 60
240 511 63 63
315 539 99 99
1_Handshaking_Handshaking_1_457.jpg
9
422 270 292 292
249 142 576 576
181 428 29 29
10 538 87 87
121 324 132 132
266 345 338 338
533 549 78 78
936 680 59 59
67 657 100 100
1_Handshaking_Handshaking_1_380.jpg
42
105 218 26 26
204 69 28 28
422 72 26 26
39 155 48 48
144 49 31 31
13 197 42 42
737 107 56 56
9 180 43 43
742 190 53 53
618 196 52 52
673 110 54 54
648 26 63 63
503 63 55 55
46 64 60 60
300 138 64 64
247 136 62 62
7 226 53 53
486 116 65 65
491 162 77 77
78 12 55 55
596 89 64 64
200 57 59 59
513 222 69 69
254 87 120 120
568 182 121 121
522 25 113 113
431 124 173 173
605 249 162 162
642 222 297 297
462 280 67 67
400 528 50 50
136 258 56 56
656 577 25 25
526 653 30 30
439 661 28 28
680 639 28 28
600 652 26 26
800 652 29 29
374 603 29 29
630 636 30 30
852 563 36 36
625 617 52 52
1_Handshaking_Handshaking_1_275.jpg
45
517 157 27 27
911 155 29 29
30 156 28 28
912 455 28 28
30 456 28 28
938 456 28 28
987 457 27 27
374 154 29 29
568 155 28 28
963 155 28 28
66 455 30 30
541 510 39 39
476 273 72 72
448 309 161 161
30 746 27 27
989 756 25 25
67 755 27 27
912 755 28 28
31 755 27 27
550 755 27 27
352 843 28 28
962 753 29 29
408 755 28 28
575 919 34 34
68 1055 27 27
30 1054 29 29
912 1055 28 28
962 1056 26 26
338 844 48 48
570 1055 27 27
987 1055 28 28
399 1188 26 26
584 729 54 54
245 816 69 69
624 730 59 59
913 1356 26 26
961 1353 30 30
67 1354 28 28
424 1356 28 28
568 1354 28 28
983 1352 31 31
518 1355 28 28
30 1354 30 30
782 1413 93 93
464 1338 45 45
12_Group_Group_12_Group_Group_12_935.jpg
143
14 108 27 27
28 89 25 25
87 86 26 26
396 20 26 26
142 84 26 26
257 109 25 25
613 221 25 25
716 130 26 26
850 22 25 25
840 217 30 30
997 89 26 26
119 154 26 26
1 158 26 26
56 156 27 27
939 112 24 24
980 245 28 28
208 93 25 25
820 180 26 26
817 92 28 28
906 23 28 28
651 116 25 25
877 117 24 24
109 185 26 26
523 160 29 29
359 118 26 26
280 30 27 27
352 188 29 29
510 185 26 26
962 32 26 26
610 252 28 28
686 187 26 26
530 121 28 28
495 61 25 25
119 16 27 27
305 124 25 25
224 83 26 26
739 257 26 26
439 58 27 27
553 258 27 27
768 127 26 26
274 20 25 25
630 191 26 26
985 193 26 26
63 154 28 28
590 87 32 32
773 47 28 28
163 78 33 33
548 18 62 62
419 40 54 54
90 66 66 66
922 71 60 60
143 184 106 106
34 268 26 26
300 286 27 27
780 284 27 27
552 288 25 25
70 290 25 25
198 287 28 28
32 353 26 26
350 352 26 26
405 349 29 29
827 353 26 26
650 312 26 26
152 352 26 26
172 316 24 24
573 392 27 27
132 279 27 27
866 462 26 26
64 319 26 26
756 379 27 27
355 484 26 26
558 422 26 26
318 426 24 24
394 382 26 26
947 319 26 26
826 384 25 25
275 387 26 26
540 486 29 29
614 428 26 26
868 427 26 26
937 424 29 29
813 430 26 26
674 495 26 26
239 452 24 24
911 494 26 26
517 393 24 24
500 494 27 27
607 494 28 28
428 454 29 29
679 452 27 27
965 288 29 29
974 493 26 26
756 421 28 28
803 456 28 28
217 523 30 30
407 523 26 26
352 318 29 29
282 346 33 33
469 347 28 28
821 507 28 28
260 410 30 30
528 527 26 26
14 465 47 47
903 513 40 40
432 524 30 30
955 560 34 34
876 329 54 54
840 504 61 61
112 469 62 62
163 536 25 25
460 531 25 25
594 531 25 25
431 594 25 25
948 615 25 25
891 636 26 26
110 535 26 26
844 556 27 27
624 601 29 29
140 621 26 26
371 660 26 26
139 599 27 27
714 559 26 26
692 641 27 27
276 563 25 25
459 561 28 28
72 603 25 25
235 662 28 28
14 561 28 28
805 664 26 26
882 664 29 29
76 659 38 38
780 560 27 27
548 666 26 26
154 565 25 25
248 631 26 26
578 607 26 26
108 670 26 26
19 606 27 27
438 631 24 24
765 638 29 29
900 560 28 28
742 616 58 58
648 542 54 54
13_Interview_Interview_Sequences_13_2.jpg
76
156 196 32 32
538 131 26 26
714 22 29 29
126 199 30 30
619 258 24 24
325 32 33 33
654 28 39 39
442 209 29 29
252 90 29 29
55 65 32 32
637 232 32 32
308 141 34 34
492 172 54 54
246 67 38 38
646 252 53 53
578 70 37 37
955 68 50 50
886 24 40 40
494 117 48 48
264 197 55 55
361 278 53 53
33 48 54 54
492 218 64 64
561 227 67 67
248 6 60 60
568 28 52 52
432 197 55 55
567 88 58 58
234 26 55 55
296 118 60 60
945 19 66 66
936 256 77 77
408 65 108 108
540 166 83 83
921 182 91 91
106 103 91 91
84 70 100 100
750 66 124 124
609 103 109 109
623 294 31 31
427 323 30 30
725 393 35 35
715 341 26 26
289 362 27 27
695 466 27 27
876 306 28 28
127 298 30 30
517 332 27 27
43 280 34 34
367 285 31 31
45 264 34 34
343 359 31 31
437 358 36 36
176 451 31 31
238 388 37 37
168 396 36 36
201 519 54 54
254 476 51 51
331 379 64 64
468 453 52 52
940 285 71 71
747 307 66 66
479 560 41 41
476 303 94 94
505 487 63 63
740 304 87 87
560 441 202 202
71 497 109 109
516 583 27 27
529 625 29 29
252 606 28 28
841 588 64 64
316 600 33 33
292 603 35 35
553 589 53 53
623 543 77 77
17_Ceremony_Ceremony_17_782.jpg
29
799 100 29 29
128 210 32 32
88 169 35 35
795 176 29 29
141 272 33 33
239 146 43 43
179 3 64 64
268 90 63 63
283 134 100 100
235 120 76 76
93 289 89 89
621 96 156 156
880 297 27 27
54 181 109 109
54 490 33 33
169 379 52 52
233 409 61 61
252 535 28 28
94 311 54 54
86 465 64 64
103 355 108 108
232 354 126 126
418 599 27 27
90 531 100 100
431 738 25 25
238 718 27 27
376 711 62 62
294 710 69 69
352 659 117 117
2_Demonstration_Political_Rally_2_335.jpg
158
4 238 30 30
140 152 28 28
577 60 32 32
664 60 29 29
743 153 24 24
858 66 27 27
82 242 31 31
271 197 28 28
925 199 30 30
136 46 27 27
341 2 27 27
36 225 30 30
875 149 42 42
11 30 26 26
334 56 31 31
443 159 31 31
671 182 28 28
37 252 29 29
168 76 27 27
241 94 33 33
900 54 24 24
641 237 42 42
939 116 34 34
844 226 29 29
819 92 29 29
704 228 28 28
58 144 28 28
65 212 25 25
854 113 33 33
359 232 30 30
611 164 37 37
724 79 39 39
33 211 37 37
82 257 30 30
830 41 29 29
670 235 31 31
326 107 32 32
183 110 29 29
237 178 34 34
471 177 35 35
422 15 27 27
34 78 33 33
921 97 28 28
747 177 40 40
573 135 38 38
801 128 30 30
607 73 45 45
140 163 32 32
283 164 38 38
183 191 33 33
327 88 46 46
51 4 52 52
807 135 36 36
730 138 40 40
63 56 45 45
745 245 52 52
348 262 39 39
155 259 40 40
648 112 57 57
218 273 31 31
357 209 56 56
946 216 50 50
756 86 49 49
922 251 68 68
21 58 60 60
181 263 49 49
486 220 60 60
102 266 55 55
212 264 55 55
462 107 53 53
416 197 52 52
653 190 55 55
542 73 72 72
761 197 62 62
714 58 55 55
484 244 52 52
441 151 56 56
426 176 52 52
267 259 59 59
232 177 60 60
398 262 59 59
58 144 59 59
541 98 62 62
657 164 64 64
192 274 24 24
192 288 24 24
691 276 26 26
345 139 84 84
351 292 30 30
907 295 25 25
546 235 90 90
134 150 93 93
830 295 33 33
332 302 26 26
84 319 25 25
596 352 29 29
643 304 38 38
244 375 27 27
29 416 38 38
443 389 40 40
578 335 29 29
127 410 28 28
331 454 33 33
10 339 42 42
274 370 31 31
4 436 29 29
579 491 35 35
892 351 49 49
278 434 53 53
670 506 51 51
381 338 50 50
242 389 30 30
12 526 27 27
2 414 31 31
468 296 47 47
340 267 48 48
275 331 43 43
210 288 55 55
675 475 49 49
740 457 48 48
693 315 62 62
827 488 46 46
157 365 56 56
663 415 65 65
133 488 49 49
240 486 51 51
355 538 32 32
2 499 52 52
282 321 57 57
74 389 66 66
650 540 52 52
105 327 66 66
66 342 58 58
458 332 62 62
237 374 58 58
380 308 71 71
842 335 88 88
108 294 79 79
297 320 70 70
884 315 65 65
349 472 75 75
817 479 79 79
444 350 91 91
15 447 110 110
123 375 121 121
503 453 116 116
935 615 32 32
213 628 29 29
843 656 28 28
798 640 40 40
467 649 28 28
780 576 67 67
928 589 38 38
235 555 77 77
6 610 37 37
925 627 50 50
432 589 60 60
501 598 54 54
2_Demonstration_Political_Rally_2_940.jpg
19
655 22 29 29
371 126 32 32
896 21 27 27
567 31 30 30
374 53 37 37
840 165 51 51
337 283 60 60
114 80 73 73
161 8 51 51
875 16 51 51
204 42 61 61
613 50 63 63
384 208 283 283
278 458 26 26
448 3 104 104
604 328 72 72
693 289 62 62
4 703 54 54
9 709 74 74
18_Concerts_Concerts_18_657.jpg
23
507 213 40 40
290 284 44 44
640 169 70 70
259 270 50 50
606 121 196 196
856 382 26 26
565 257 54 54
375 226 66 66
954 381 39 39
536 221 85 85
845 397 62 62
796 380 50 50
700 427 52 52
655 275 143 143
832 374 56 56
865 519 49 49
119 347 70 70
536 310 99 99
103 329 124 124
535 601 30 30
524 549 130 130
491 698 48 48
543 657 63 63
19_Couple_Couple_19_810.jpg
16
926 12 26 26
586 56 73 73
553 91 56 56
230 230 60 60
716 166 264 264
513 14 69 69
503 12 144 144
474 362 34 34
537 552 28 28
490 502 45 45
404 523 52 52
431 518 59 59
567 447 94 94
309 295 161 161
536 497 121 121
411 609 73 73
18_Concerts_Concerts_18_784.jpg
26
994 438 24 24
249 206 25 25
911 373 26 26
927 261 25 25
423 58 63 63
937 255 38 38
507 90 43 43
462 69 53 53
286 137 53 53
345 103 59 59
384 113 53 53
393 168 51 51
252 266 133 133
280 328 291 291
236 435 365 365
169 638 52 52
234 600 89 89
838 540 119 119
612 1042 45 45
256 925 130 130
573 1093 53 53
344 1198 63 63
238 956 158 158
605 1052 204 204
242 1020 129 129
566 1106 107 107
13_Interview_Interview_On_Location_13_510.jpg
130
692 246 26 26
762 381 25 25
455 126 32 32
669 146 33 33
785 496 36 36
392 240 45 45
553 189 58 58
639 383 48 48
690 337 51 51
790 43 86 86
437 128 96 96
827 86 183 183
375 242 80 80
518 596 28 28
117 166 274 274
374 266 89 89
968 642 25 25
418 751 26 26
437 750 26 26
486 723 25 25
434 730 27 27
821 802 29 29
420 770 28 28
533 576 35 35
436 738 28 28
545 879 29 29
698 818 26 26
642 970 25 25
518 582 35 35
575 981 32 32
419 664 33 33
662 620 32 32
407 780 27 27
427 709 32 32
421 674 35 35
692 997 26 26
424 687 33 33
690 898 30 30
459 612 36 36
650 938 34 34
967 687 36 36
654 952 30 30
599 978 28 28
974 710 36 36
579 935 36 36
602 915 39 39
633 925 37 37
626 958 33 33
573 948 39 39
606 958 37 37
573 962 40 40
521 617 55 55
558 1063 28 28
674 1066 26 26
267 1050 26 26
765 1102 26 26
732 1111 27 27
782 1143 27 27
223 1117 27 27
193 1186 32 32
683 1128 26 26
831 1162 27 27
816 1163 27 27
582 1202 28 28
780 1134 26 26
566 1204 27 27
806 1211 26 26
966 1232 26 26
774 1275 27 27
786 1168 26 26
551 1206 27 27
734 1101 28 28
666 1234 28 28
584 1082 28 28
707 1180 27 27
728 1214 27 27
597 1091 28 28
783 1094 28 28
770 1351 28 28
877 1248 25 25
677 1185 26 26
980 1221 26 26
443 1252 24 24
457 1251 25 25
630 1293 25 25
980 1119 28 28
568 1295 26 26
907 1254 26 26
550 1147 29 29
800 1150 27 27
221 1286 48 48
176 1326 55 55
467 1258 27 27
876 1257 27 27
722 1261 26 26
573 1304 26 26
832 1262 28 28
703 1339 31 31
238 1262 30 30
813 1264 27 27
627 1309 26 26
820 1199 28 28
577 1165 29 29
737 1073 30 30
737 1163 29 29
802 1166 27 27
497 1348 30 30
770 1169 28 28
618 1208 28 28
641 1322 46 46
751 1275 28 28
521 1280 29 29
681 1218 31 31
429 1248 27 27
617 1247 29 29
519 1306 28 28
734 1310 32 32
720 1314 29 29
886 1279 33 33
720 1100 38 38
846 1128 38 38
413 1245 36 36
732 1183 35 35
490 1300 38 38
694 1308 39 39
752 1158 48 48
137 1264 74 74
262 1191 60 60
145 1158 61 61
137 1200 87 87
15_Stock_Market_Stock_Market_15_460.jpg
32
210 48 58 58
226 114 29 29
274 201 27 27
773 80 64 64
150 229 27 27
620 226 31 31
166 233 26 26
276 195 24 24
587 105 31 31
455 198 30 30
859 260 26 26
202 1 91 91
335 131 53 53
577 122 56 56
446 148 58 58
859 289 25 25
785 134 53 53
143 132 66 66
606 250 57 57
80 280 43 43
768 316 27 27
766 305 28 28
907 288 61 61
503 131 78 78
571 520 48 48
526 457 49 49
18 343 91 91
366 437 71 71
396 568 51 51
164 641 24 24
159 653 28 28
190 653 25 25
12_Group_Group_12_Group_Group_12_101.jpg
56
474 132 51 51
734 233 47 47
432 243 28 28
901 124 27 27
435 235 26 26
836 152 48 48
517 194 54 54
350 214 54 54
540 287 30 30
537 62 131 131
715 69 139 139
581 175 51 51
325 149 51 51
880 283 43 43
534 99 58 58
466 187 61 61
658 134 60 60
473 113 54 54
364 70 110 110
841 135 50 50
410 228 57 57
333 284 70 70
746 280 70 70
521 357 74 74
327 261 122 122
330 350 112 112
305 300 150 150
503 347 129 129
864 322 130 130
378 124 95 95
188 456 27 27
383 528 28 28
862 533 28 28
779 497 27 27
690 519 28 28
342 539 29 29
854 469 32 32
784 469 38 38
374 554 41 41
119 583 31 31
839 466 53 53
328 510 54 54
328 533 52 52
324 572 51 51
201 513 74 74
324 551 51 51
557 444 69 69
818 392 68 68
181 591 59 59
381 486 103 103
171 534 122 122
378 526 104 104
557 536 104 104
495 686 56 56
729 657 69 69
673 650 55 55
2_Demonstration_Political_Rally_2_382.jpg
56
260 83 26 26
594 127 31 31
254 96 25 25
950 219 29 29
563 54 30 30
494 309 29 29
246 105 25 25
894 310 29 29
263 70 28 28
655 108 27 27
561 401 30 30
986 112 26 26
280 44 30 30
889 135 29 29
978 132 32 32
980 99 33 33
242 46 31 31
437 436 73 73
653 77 37 37
553 43 49 49
412 291 46 46
585 154 46 46
287 87 54 54
581 165 50 50
124 404 55 55
491 288 63 63
12 47 76 76
161 70 69 69
466 417 68 68
406 466 85 85
639 104 104 104
377 272 70 70
772 140 178 178
380 509 160 160
543 832 28 28
694 818 31 31
802 912 39 39
438 606 51 51
364 729 55 55
482 679 58 58
333 888 75 75
762 988 64 64
508 1008 56 56
376 956 55 55
664 744 70 70
675 837 91 91
528 1068 26 26
768 1298 25 25
165 1326 27 27
845 1115 35 35
46 1202 35 35
768 1036 55 55
62 1216 34 34
620 1206 57 57
899 1186 107 107
649 1107 94 94
10_People_Marching_People_Marching_10_People_Marching_People_Marching_10_552.jpg
82
82 154 31 31
542 151 27 27
21 89 27 27
710 105 32 32
395 47 28 28
635 30 27 27
747 141 26 26
648 104 30 30
756 160 33 33
620 145 31 31
745 116 29 29
452 202 50 50
934 132 54 54
523 209 57 57
831 201 53 53
358 212 61 61
705 266 50 50
568 73 60 60
117 54 67 67
315 67 65 65
196 12 46 46
22 71 54 54
316 98 54 54
860 10 64 64
826 102 47 47
772 94 63 63
806 240 60 60
570 38 62 62
706 6 54 54
441 59 68 68
185 90 54 54
828 6 58 58
438 175 70 70
159 53 70 70
218 91 54 54
607 224 58 58
437 109 71 71
330 22 62 62
760 142 81 81
247 205 81 81
451 79 76 76
694 217 67 67
249 55 77 77
630 253 67 67
592 253 73 73
888 84 66 66
369 88 72 72
124 214 109 109
64 18 96 96
764 238 96 96
858 78 88 88
322 305 57 57
259 427 29 29
581 218 158 158
349 323 49 49
28 277 52 52
610 347 79 79
522 359 57 57
11 350 53 53
699 361 67 67
28 348 51 51
563 402 61 61
865 348 58 58
418 364 68 68
547 279 83 83
375 510 50 50
534 524 54 54
261 476 58 58
825 331 81 81
102 250 134 134
101 302 129 129
581 299 108 108
654 505 64 64
310 469 68 68
388 603 27 27
272 544 36 36
238 452 102 102
988 629 29 29
226 618 61 61
524 528 117 117
513 600 54 54
525 565 54 54
2_Demonstration_Political_Rally_2_187.jpg
46
964 80 46 46
386 329 297 297
797 62 198 198
390 100 344 344
704 681 28 28
664 675 51 51
590 770 27 27
691 721 31 31
591 739 36 36
721 792 31 31
539 847 26 26
57 878 43 43
597 882 25 25
540 982 26 26
553 780 31 31
132 1036 25 25
513 926 33 33
199 1065 34 34
254 1067 35 35
703 1071 32 32
652 916 45 45
717 742 55 55
416 642 81 81
133 1037 58 58
45 849 63 63
460 735 61 61
55 531 346 346
501 874 79 79
498 877 108 108
376 1298 26 26
213 1293 51 51
817 1166 131 131
304 1326 30 30
466 1244 31 31
407 1201 74 74
228 1259 58 58
158 1334 34 34
637 1412 43 43
142 1174 60 60
227 1413 62 62
594 1207 51 51
716 1210 71 71
324 1377 80 80
261 1370 88 88
617 1252 77 77
203 1203 98 98
12_Group_Group_12_Group_Group_12_62.jpg
106
425 86 25 25
563 131 26 26
209 46 24 24
552 146 45 45
395 125 49 49
958 202 26 26
403 111 27 27
440 88 28 28
832 28 27 27
132 186 27 27
643 12 29 29
984 210 27 27
584 36 29 29
305 119 30 30
874 120 25 25
430 172 26 26
494 128 24 24
201 133 29 29
452 245 38 38
582 12 33 33
651 143 53 53
809 178 35 35
187 148 57 57
744 100 48 48
614 168 34 34
685 32 36 36
962 126 33 33
252 136 54 54
329 132 46 46
336 159 60 60
300 160 42 42
464 179 55 55
964 121 51 51
539 192 62 62
797 126 61 61
531 221 60 60
132 196 63 63
695 104 60 60
129 146 61 61
612 266 100 100
755 222 128 128
313 185 104 104
435 287 109 109
119 354 25 25
904 298 25 25
122 394 25 25
248 416 29 29
571 395 29 29
574 412 29 29
434 440 28 28
111 386 26 26
433 432 27 27
789 449 26 26
60 436 26 26
561 479 28 28
121 468 31 31
320 339 45 45
880 517 35 35
714 350 36 36
502 433 47 47
986 492 34 34
560 503 34 34
755 393 60 60
266 312 49 49
224 442 49 49
821 392 56 56
137 312 64 64
970 495 35 35
536 374 49 49
555 367 56 56
153 416 52 52
929 504 40 40
312 365 61 61
342 381 58 58
440 365 56 56
358 439 56 56
754 494 58 58
902 510 41 41
301 464 52 52
758 468 48 48
215 476 50 50
934 449 50 50
604 473 64 64
605 518 60 60
916 451 52 52
196 309 66 66
356 459 60 60
822 413 55 55
155 336 63 63
534 271 77 77
549 554 56 56
312 280 99 99
247 318 73 73
665 388 67 67
664 487 66 66
346 596 26 26
513 631 31 31
156 621 31 31
756 592 60 60
719 579 54 54
208 513 58 58
236 532 60 60
821 615 57 57
136 536 74 74
417 598 67 67
722 540 112 112
12_Group_Team_Organized_Group_12_Group_Team_Organized_Group_12_868.jpg
46
548 154 56 56
286 22 26 26
344 126 26 26
479 89 33 33
454 120 71 71
703 117 27 27
39 144 29 29
294 194 28 28
410 230 28 28
613 232 28 28
850 24 38 38
930 232 36 36
55 174 50 50
456 189 64 64
466 88 57 57
446 248 27 27
750 301 25 25
445 270 30 30
764 420 28 28
700 402 32 32
16 320 57 57
503 365 53 53
276 260 53 53
591 448 67 67
440 319 73 73
436 382 97 97
687 434 61 61
53 385 54 54
751 432 55 55
434 305 131 131
195 273 100 100
22 224 122 122
456 517 27 27
507 520 26 26
294 512 43 43
411 543 26 26
301 546 35 35
425 534 30 30
286 540 60 60
801 390 104 104
592 501 63 63
683 406 110 110
389 496 45 45
923 486 98 98
265 479 64 64
676 474 80 80
13_Interview_Interview_2_People_Visible_13_668.jpg
13
962 58 26 26
231 108 30 30
212 220 165 165
907 367 25 25
522 316 34 34
596 462 26 26
710 470 26 26
923 450 32 32
693 495 26 26
752 346 78 78
711 266 231 231
7 666 50 50
722 574 66 66
15_Stock_Market_Stock_Market_15_554.jpg
72
716 216 27 27
443 134 26 26
470 140 26 26
811 200 30 30
652 142 26 26
820 103 26 26
22 38 27 27
441 165 26 26
349 233 28 28
760 128 26 26
758 258 29 29
98 222 29 29
622 162 28 28
555 235 29 29
812 225 30 30
979 149 32 32
919 256 33 33
700 129 40 40
355 192 46 46
529 86 52 52
689 244 50 50
182 103 62 62
377 112 57 57
264 193 58 58
486 162 62 62
275 65 70 70
260 255 60 60
839 242 67 67
246 69 119 119
126 152 72 72
785 292 27 27
206 97 162 162
780 305 26 26
485 212 107 107
212 131 105 105
479 178 110 110
910 318 26 26
774 326 30 30
54 392 42 42
63 416 30 30
859 277 37 37
129 391 35 35
86 389 47 47
902 316 38 38
94 296 40 40
127 380 36 36
856 289 40 40
101 358 39 39
461 450 42 42
292 339 55 55
969 427 48 48
5 397 49 49
624 452 56 56
586 559 36 36
768 344 67 67
954 456 63 63
685 415 70 70
845 365 77 77
650 294 121 121
222 450 68 68
664 592 28 28
311 590 24 24
691 608 27 27
691 622 26 26
689 647 24 24
740 650 24 24
689 644 30 30
512 569 84 84
335 610 53 53
595 569 60 60
569 569 65 65
185 516 92 92
0_Parade_Parade_0_120.jpg
72
273 125 29 29
973 102 26 26
222 3 26 26
504 137 25 25
608 274 25 25
491 242 30 30
501 146 29 29
812 182 31 31
726 277 25 25
996 301 26 26
319 309 28 28
901 125 31 31
882 234 27 27
359 2 49 49
805 112 39 39
973 2 47 47
311 156 33 33
972 24 49 49
724 248 35 35
811 164 41 41
385 46 64 64
530 233 37 37
101 303 53 53
825 307 39 39
524 136 50 50
115 157 53 53
379 222 53 53
951 271 49 49
477 227 51 51
809 140 57 57
956 311 43 43
893 108 70 70
488 314 24 24
990 323 24 24
46 329 26 26
18 202 86 86
878 378 28 28
182 227 68 68
530 335 28 28
2 407 26 26
785 411 29 29
1 415 29 29
951 427 27 27
868 449 28 28
160 377 35 35
720 464 25 25
157 335 46 46
517 573 27 27
63 579 26 26
60 565 28 28
136 442 50 50
882 563 28 28
204 483 49 49
211 522 38 38
582 595 32 32
137 412 52 52
16 453 51 51
864 512 53 53
97 499 51 51
814 399 60 60
876 378 131 131
496 636 26 26
582 678 28 28
197 689 26 26
877 668 25 25
496 667 27 27
58 671 27 27
496 645 31 31
744 720 28 28
979 739 35 35
45 712 64 64
45 643 52 52
16_Award_Ceremony_Awards_Ceremony_16_134.jpg
287
68 196 44 44
82 609 26 26
561 476 30 30
126 10 26 26
588 202 30 30
44 277 30 30
772 617 28 28
663 26 26 26
670 706 29 29
515 93 29 29
420 689 33 33
362 623 43 43
687 156 26 26
712 150 29 29
651 557 46 46
14 571 26 26
658 639 28 28
551 113 25 25
544 715 29 29
368 719 26 26
416 129 28 28
337 467 24 24
350 728 26 26
24 473 25 25
680 65 41 41
21 537 26 26
423 216 56 56
680 151 28 28
548 556 32 32
722 58 34 34
92 116 35 35
548 520 31 31
559 591 30 30
110 52 45 45
574 301 30 30
121 12 40 40
379 734 32 32
568 753 31 31
36 763 28 28
405 731 37 37
683 92 45 45
518 500 39 39
403 717 36 36
547 577 42 42
602 626 42 42
544 641 52 52
46 466 52 52
347 711 41 41
57 227 55 55
591 149 50 50
698 656 55 55
544 604 55 55
450 694 80 80
701 165 53 53
410 724 51 51
548 724 60 60
715 772 48 48
226 62 178 178
674 125 80 80
657 733 52 52
589 738 56 56
34 830 27 27
370 738 58 58
270 847 24 24
35 844 25 25
360 848 30 30
369 702 66 66
253 697 84 84
548 767 60 60
761 513 90 90
646 852 39 39
812 867 27 27
64 111 147 147
480 780 52 52
300 877 27 27
951 791 54 54
335 872 41 41
536 270 70 70
410 503 116 116
399 552 129 129
982 822 33 33
298 886 26 26
705 353 110 110
30 239 125 125
759 599 116 116
47 165 158 158
677 369 152 152
965 927 25 25
624 198 159 159
225 187 172 172
402 241 166 166
141 436 175 175
670 932 30 30
96 514 221 221
768 658 120 120
649 944 26 26
990 946 27 27
664 283 134 134
709 740 85 85
195 239 199 199
7 316 148 148
552 800 75 75
257 910 28 28
58 1098 34 34
788 988 26 26
426 824 39 39
960 1352 34 34
918 1356 35 35
42 1364 28 28
881 1133 25 25
566 731 81 81
6 1006 28 28
757 696 146 146
229 1027 34 34
816 1397 26 26
497 1092 30 30
922 782 73 73
781 1263 33 33
54 1339 27 27
833 1161 34 34
128 1270 31 31
912 1180 29 29
898 989 29 29
223 1189 26 26
710 1188 28 28
121 1364 28 28
878 1364 28 28
865 998 27 27
123 1448 26 26
17 1320 29 29
979 1254 31 31
754 1392 29 29
926 895 37 37
848 1034 31 31
327 890 37 37
148 1305 39 39
961 1374 36 36
140 1216 34 34
749 1525 28 28
123 937 45 45
461 1266 34 34
969 1342 32 32
856 1032 35 35
742 963 34 34
231 932 47 47
680 846 56 56
4 1149 42 42
434 902 52 52
192 1168 38 38
98 1107 46 46
843 1127 40 40
44 1184 52 52
29 1015 47 47
966 1537 33 33
60 944 50 50
887 1393 44 44
173 1241 42 42
869 1063 52 52
178 1408 38 38
127 967 47 47
200 1285 49 49
29 1565 38 38
23 1406 44 44
766 1355 46 46
783 1415 38 38
208 1018 48 48
869 874 59 59
828 1571 34 34
831 1421 47 47
706 878 57 57
218 1041 51 51
823 1222 46 46
822 1273 48 48
45 1127 55 55
743 1006 53 53
768 1004 56 56
354 1130 50 50
700 1201 54 54
113 982 49 49
751 1364 49 49
175 1080 54 54
186 1377 51 51
857 1500 40 40
68 1047 52 52
805 1520 40 40
172 940 51 51
843 1632 28 28
823 1328 52 52
153 1636 24 24
888 1328 53 53
412 1121 65 65
116 1461 46 46
466 1342 62 62
174 1194 54 54
937 1072 58 58
468 1428 59 59
81 1429 50 50
810 1081 54 54
85 1215 54 54
193 1208 58 58
102 1267 58 58
198 1336 54 54
792 1536 47 47
945 1161 55 55
77 1540 54 54
728 1341 57 57
46 1602 35 35
785 1094 55 55
71 1480 46 46
59 901 60 60
727 950 54 54
154 1508 49 49
106 1302 54 54
10 1366 51 51
7 1188 52 52
755 1537 50 50
776 1310 55 55
780 1459 54 54
953 1415 49 49
204 1258 58 58
650 825 94 94
400 1146 101 101
848 1095 65 65
760 1564 48 48
327 870 71 71
707 1110 64 64
766 1152 66 66
57 1517 57 57
10 1608 44 44
341 1236 58 58
109 1557 54 54
100 1621 37 37
941 1413 65 65
754 1577 54 54
927 1591 49 49
110 1540 54 54
894 950 75 75
941 1465 70 70
41 1398 83 83
793 1684 26 26
79 1682 27 27
384 1545 78 78
913 1566 60 60
72 1767 31 31
832 1541 70 70
47 1787 25 25
5 1751 26 26
285 1792 29 29
119 2038 28 28
358 1626 52 52
422 1651 38 38
231 1884 31 31
660 1889 27 27
793 1717 28 28
787 1612 55 55
780 1900 26 26
903 1616 60 60
419 2045 57 57
42 1750 35 35
360 1931 59 59
460 1857 58 58
459 1815 49 49
246 1994 90 90
700 1841 52 52
449 1801 50 50
226 1857 62 62
456 1829 56 56
836 1673 54 54
853 1724 48 48
232 1966 44 44
844 1756 49 49
939 1619 57 57
157 2012 51 51
624 2032 39 39
827 1724 48 48
198 1838 89 89
364 1966 86 86
129 1983 83 83
968 1716 49 49
87 1749 61 61
890 1674 57 57
31 1762 56 56
766 1670 54 54
785 1691 58 58
300 1645 67 67
777 1750 61 61
38 1662 72 72
12_Group_Large_Group_12_Group_Large_Group_12_849.jpg
31
933 78 27 27
642 179 25 25
605 111 26 26
585 13 28 28
991 256 27 27
422 244 30 30
716 312 26 26
197 320 28 28
774 327 26 26
981 376 27 27
365 418 24 24
394 532 24 24
20 375 32 32
460 538 26 26
379 575 28 28
13 516 35 35
274 382 37 37
423 321 36 36
209 448 57 57
373 327 54 54
320 524 57 57
128 400 63 63
507 528 58 58
383 551 60 60
635 352 63 63
483 426 72 72
687 572 91 91
642 602 27 27
867 631 27 27
786 614 65 65
487 629 62 62
10_People_Marching_People_Marching_2_40.jpg
111
495 150 31 31
511 83 25 25
353 126 33 33
557 44 28 28
229 91 27 27
403 161 29 29
470 84 26 26
330 204 26 26
160 50 24 24
254 89 26 26
363 50 27 27
667 207 35 35
265 119 29 29
50 140 31 31
100 141 28 28
678 98 24 24
346 75 26 26
56 232 27 27
778 206 30 30
106 35 25 25
944 192 24 24
406 35 26 26
136 79 29 29
349 170 25 25
667 235 26 26
364 238 26 26
226 84 25 25
941 250 42 42
472 198 30 30
88 65 27 27
693 184 29 29
499 117 30 30
523 32 28 28
139 114 41 41
858 78 28 28
598 42 34 34
687 255 35 35
768 83 31 31
949 220 36 36
700 3 48 48
6 189 57 57
960 152 38 38
135 81 46 46
879 224 46 46
834 247 54 54
300 33 50 50
213 138 50 50
296 52 44 44
263 142 53 53
155 208 60 60
462 152 55 55
41 118 50 50
652 224 54 54
791 10 59 59
393 108 52 52
718 274 56 56
60 78 61 61
678 140 53 53
756 120 62 62
493 252 56 56
57 252 58 58
412 217 63 63
4 244 61 61
492 137 72 72
561 274 28 28
980 288 28 28
884 328 27 27
961 293 26 26
988 363 26 26
416 402 26 26
391 477 39 39
101 465 26 26
790 444 28 28
388 500 41 41
98 496 47 47
412 389 31 31
987 376 30 30
412 379 30 30
711 384 32 32
934 392 32 32
108 476 35 35
2 484 35 35
987 364 35 35
929 290 35 35
892 499 30 30
915 366 46 46
107 282 46 46
485 398 64 64
660 282 51 51
849 455 57 57
392 517 35 35
970 282 49 49
789 419 56 56
534 322 53 53
310 439 67 67
612 391 62 62
180 376 57 57
286 311 58 58
159 280 66 66
837 309 85 85
635 296 87 87
476 366 127 127
510 277 100 100
329 641 32 32
730 635 37 37
385 547 25 25
139 618 32 32
199 553 31 31
695 570 58 58
29 574 77 77
239 591 74 74
2_Demonstration_Demonstrators_2_545.jpg
102
11 180 25 25
93 289 28 28
656 163 28 28
590 292 29 29
620 69 28 28
804 298 27 27
349 195 28 28
882 21 52 52
876 59 51 51
908 279 29 29
75 315 26 26
948 68 62 62
726 265 33 33
686 50 58 58
961 41 60 60
915 236 34 34
392 258 33 33
902 90 68 68
64 312 36 36
454 173 52 52
2 176 49 49
698 262 36 36
962 184 54 54
4 69 79 79
51 65 104 104
872 45 98 98
725 105 91 91
867 190 52 52
273 269 45 45
5 139 83 83
846 290 48 48
41 267 53 53
719 151 94 94
948 329 56 56
71 257 55 55
306 323 28 28
453 220 63 63
148 175 64 64
639 250 61 61
844 221 69 69
64 225 68 68
882 259 60 60
150 410 29 29
285 435 35 35
408 440 27 27
178 398 28 28
422 275 56 56
44 449 29 29
238 394 39 39
416 465 26 26
259 448 29 29
174 221 95 95
420 216 98 98
336 382 35 35
868 172 102 102
836 316 52 52
187 307 59 59
438 259 74 74
778 343 40 40
384 491 30 30
327 480 26 26
729 533 27 27
46 408 56 56
378 259 99 99
947 376 65 65
933 421 67 67
737 364 50 50
881 320 58 58
845 491 42 42
723 330 59 59
151 462 62 62
769 325 58 58
304 337 57 57
232 520 31 31
232 414 64 64
720 302 109 109
797 367 69 69
340 413 70 70
367 327 68 68
83 345 74 74
807 464 58 58
162 567 36 36
81 486 58 58
314 493 54 54
314 533 59 59
372 487 59 59
137 365 109 109
378 566 55 55
230 500 53 53
220 375 108 108
312 498 68 68
803 506 58 58
57 534 58 58
977 711 27 27
808 570 59 59
377 468 75 75
134 478 68 68
612 606 54 54
386 546 58 58
460 655 59 59
668 608 61 61
226 449 139 139
19_Couple_Couple_19_881.jpg
47
69 208 28 28
673 82 28 28
64 331 31 31
6 346 25 25
223 254 26 26
230 306 27 27
678 105 26 26
692 140 25 25
100 271 25 25
4 330 27 27
685 114 26 26
675 36 33 33
248 204 27 27
667 71 32 32
677 137 27 27
342 224 30 30
464 439 61 61
536 241 29 29
66 297 35 35
646 340 53 53
87 361 58 58
546 66 58 58
80 198 34 34
630 351 68 68
26 271 53 53
101 548 26 26
259 221 82 82
237 570 29 29
592 245 107 107
522 310 68 68
515 523 52 52
223 713 31 31
254 202 64 64
404 146 62 62
172 525 98 98
204 598 69 69
490 711 57 57
507 602 69 69
510 554 69 69
486 724 55 55
811 858 57 57
790 774 92 92
743 898 58 58
838 791 73 73
726 1123 26 26
882 740 116 116
524 877 280 280
2_Demonstration_Political_Rally_2_365.jpg
45
650 237 35 35
231 247 56 56
659 189 64 64
948 206 61 61
603 123 54 54
294 134 52 52
900 121 68 68
579 190 62 62
676 256 27 27
462 168 70 70
139 154 64 64
720 278 28 28
84 268 33 33
907 257 63 63
44 308 25 25
54 278 28 28
726 239 41 41
804 333 27 27
598 337 25 25
473 274 45 45
652 330 33 33
157 480 32 32
910 303 77 77
26 510 27 27
203 383 59 59
847 446 50 50
136 398 52 52
451 308 73 73
61 373 64 64
234 361 63 63
954 501 46 46
928 331 76 76
153 461 73 73
224 468 57 57
455 276 83 83
688 285 80 80
341 482 26 26
64 487 67 67
833 422 81 81
5 367 77 77
89 397 83 83
270 517 27 27
333 530 31 31
302 618 28 28
141 565 50 50
13_Interview_Interview_Sequences_13_35.jpg
42
483 70 25 25
471 100 27 27
319 270 28 28
659 241 30 30
469 110 25 25
475 88 29 29
456 281 29 29
478 74 32 32
342 80 59 59
459 264 62 62
451 225 57 57
651 227 42 42
363 311 27 27
766 166 52 52
360 185 66 66
444 160 72 72
680 152 54 54
411 401 26 26
838 215 77 77
446 167 124 124
440 166 178 178
628 492 29 29
814 555 26 26
807 550 47 47
660 580 35 35
437 510 93 93
316 470 59 59
535 482 65 65
479 405 76 76
615 503 58 58
628 483 55 55
308 571 51 51
386 637 30 30
659 478 61 61
426 442 158 158
316 453 97 97
574 574 60 60
697 591 74 74
496 679 52 52
119 596 149 149
418 674 59 59
87 671 77 77
12_Group_Group_12_Group_Group_12_912.jpg
72
309 160 28 28
185 221 29 29
282 195 47 47
825 73 45 45
406 143 38 38
417 225 26 26
193 190 29 29
210 86 51 51
410 178 29 29
415 59 35 35
296 114 51 51
532 176 36 36
692 177 47 47
544 142 42 42
640 104 44 44
818 208 35 35
191 181 57 57
289 235 41 41
202 48 100 100
198 32 144 144
8 228 46 46
484 245 51 51
611 242 50 50
178 220 63 63
716 273 27 27
388 84 72 72
376 248 49 49
624 285 28 28
498 289 27 27
99 223 69 69
233 329 29 29
432 376 26 26
854 235 70 70
549 348 27 27
601 346 30 30
318 387 26 26
527 354 27 27
724 354 27 27
744 336 28 28
582 374 27 27
972 376 28 28
432 395 31 31
839 422 48 48
699 309 34 34
325 402 31 31
105 267 57 57
232 360 36 36
272 346 39 39
322 358 35 35
318 371 35 35
677 349 38 38
554 458 30 30
418 414 45 45
159 244 94 94
227 375 69 69
270 359 52 52
851 478 42 42
362 375 52 52
534 487 33 33
796 310 64 64
470 402 58 58
793 494 36 36
227 337 57 57
921 402 71 71
529 442 60 60
929 461 65 65
191 528 27 27
627 577 25 25
454 542 44 44
611 487 55 55
807 538 30 30
497 478 58 58
11_Meeting_Meeting_11_Meeting_Meeting_11_406.jpg
72
847 125 26 26
337 181 25 25
286 157 30 30
789 235 26 26
257 262 46 46
364 211 31 31
231 156 54 54
525 220 57 57
927 67 72 72
893 232 54 54
723 304 37 37
827 296 54 54
111 254 86 86
812 54 192 192
355 226 68 68
697 196 76 76
468 335 30 30
271 321 29 29
705 255 68 68
238 188 87 87
686 152 158 158
479 388 25 25
539 432 27 27
431 416 29 29
891 344 36 36
695 463 29 29
761 447 26 26
870 271 86 86
315 415 29 29
531 357 44 44
216 344 49 49
539 386 35 35
304 470 35 35
826 234 154 154
976 389 40 40
728 531 27 27
126 371 59 59
127 298 64 64
746 534 29 29
377 505 32 32
731 551 27 27
656 428 44 44
428 448 37 37
534 446 47 47
578 393 50 50
279 353 64 64
460 429 51 51
710 426 54 54
165 576 25 25
525 498 57 57
643 376 63 63
450 400 61 61
722 583 38 38
535 466 66 66
849 518 55 55
685 509 52 52
468 519 74 74
284 457 65 65
247 439 83 83
799 551 57 57
856 466 93 93
207 546 63 63
579 544 61 61
853 551 58 58
269 630 56 56
511 525 80 80
413 572 50 50
386 502 125 125
87 640 63 63
472 504 140 140
670 624 64 64
358 563 77 77
0_Parade_Parade_0_901.jpg
29
441 33 26 26
300 166 26 26
245 256 34 34
120 219 36 36
704 252 38 38
814 208 61 61
107 223 58 58
313 612 28 28
723 453 266 266
320 895 27 27
136 548 66 66
506 484 55 55
102 653 53 53
559 709 72 72
559 738 64 64
492 525 80 80
406 616 96 96
780 490 164 164
148 475 201 201
645 607 126 126
406 469 347 347
275 732 142 142
775 555 160 160
538 772 116 116
681 1048 27 27
186 1036 50 50
674 1035 51 51
221 1036 50 50
710 1032 52 52
18_Concerts_Concerts_18_828.jpg
19
851 114 28 28
842 67 48 48
205 154 67 67
684 29 178 178
752 185 51 51
736 251 48 48
920 220 56 56
582 242 148 148
586 168 205 205
582 440 28 28
636 457 29 29
641 480 26 26
627 431 51 51
614 532 31 31
404 614 30 30
350 597 54 54
445 419 108 108
176 505 84 84
916 477 90 90
2_Demonstration_Protesters_2_905.jpg
107
374 186 37 37
426 265 28 28
339 240 33 33
387 269 29 29
754 119 29 29
315 174 27 27
387 232 25 25
473 248 33 33
818 215 27 27
821 88 31 31
321 282 27 27
387 222 27 27
378 130 31 31
447 258 29 29
412 224 30 30
258 151 60 60
320 290 29 29
445 103 60 60
480 302 36 36
867 28 85 85
300 274 54 54
206 209 71 71
358 336 29 29
417 361 26 26
358 317 29 29
489 376 26 26
858 355 29 29
434 355 26 26
419 378 26 26
455 314 28 28
66 259 88 88
421 386 26 26
352 410 29 29
383 385 32 32
487 435 28 28
694 412 27 27
417 395 30 30
366 458 27 27
877 438 26 26
375 477 28 28
676 458 33 33
91 297 50 50
571 484 27 27
668 404 41 41
525 531 26 26
12 494 25 25
318 338 36 36
326 434 32 32
480 448 49 49
936 550 26 26
463 541 28 28
49 552 27 27
205 500 25 25
817 549 28 28
891 500 28 28
979 544 26 26
322 356 48 48
384 548 26 26
940 445 28 28
683 403 38 38
992 566 28 28
84 418 30 30
626 496 27 27
862 504 29 29
466 356 51 51
827 572 40 40
874 419 39 39
889 579 30 30
302 487 37 37
434 487 37 37
81 412 48 48
861 436 50 50
191 592 37 37
495 612 29 29
627 608 39 39
246 482 57 57
329 396 59 59
463 313 91 91
578 589 26 26
264 591 28 28
738 343 104 104
30 410 61 61
196 594 24 24
379 554 60 60
530 622 29 29
565 602 28 28
573 616 24 24
853 613 26 26
149 644 26 26
566 652 26 26
626 626 32 32
975 651 30 30
798 659 30 30
562 662 28 28
618 657 30 30
740 680 26 26
426 742 25 25
54 706 25 25
186 707 26 26
830 730 36 36
295 710 27 27
623 677 37 37
297 720 28 28
829 602 54 54
622 690 52 52
739 631 112 112
765 671 68 68
18_Concerts_Concerts_18_258.jpg
35
80 53 39 39
82 44 27 27
882 70 52 52
855 200 34 34
834 223 28 28
899 188 62 62
516 180 58 58
876 242 29 29
791 250 25 25
500 253 28 28
457 252 30 30
516 172 87 87
24 286 27 27
813 284 28 28
841 263 27 27
337 319 27 27
478 295 30 30
857 186 55 55
475 309 31 31
467 322 32 32
131 257 42 42
632 342 34 34
394 310 48 48
447 337 55 55
399 298 60 60
26 218 100 100
72 377 59 59
609 303 74 74
430 335 117 117
435 386 68 68
587 387 105 105
630 502 44 44
223 447 91 91
316 399 66 66
148 434 70 70
17_Ceremony_Ceremony_17_211.jpg
48
588 241 42 42
854 163 44 44
760 211 49 49
511 32 25 25
545 8 25 25
218 211 45 45
777 138 26 26
802 137 25 25
737 16 24 24
317 16 28 28
547 235 43 43
316 6 30 30
678 224 51 51
95 164 58 58
88 175 78 78
794 147 94 94
785 303 27 27
168 386 26 26
261 173 219 219
27 249 138 138
942 458 30 30
585 372 49 49
228 523 26 26
928 380 47 47
553 429 45 45
300 329 54 54
375 367 66 66
931 351 55 55
572 582 41 41
108 392 56 56
940 466 55 55
894 524 68 68
196 405 88 88
617 582 25 25
623 620 26 26
814 400 192 192
667 676 24 24
176 699 27 27
179 730 30 30
175 687 29 29
760 731 27 27
843 693 43 43
681 678 34 34
235 564 59 59
642 600 58 58
680 594 53 53
901 701 47 47
150 681 49 49
12_Group_Group_12_Group_Group_12_522.jpg
56
491 90 33 33
26 201 28 28
330 174 36 36
113 224 46 46
395 231 40 40
300 234 40 40
684 146 77 77
186 231 46 46
596 264 45 45
190 69 90 90
713 150 70 70
657 288 28 28
682 229 46 46
263 296 41 41
853 320 28 28
167 165 83 83
816 242 45 45
897 338 30 30
648 257 39 39
488 248 48 48
722 299 43 43
435 228 49 49
369 305 42 42
897 359 30 30
789 285 48 48
882 292 50 50
566 456 25 25
357 407 48 48
612 488 28 28
665 442 27 27
220 372 44 44
155 324 54 54
501 393 51 51
651 400 51 51
222 406 51 51
18 282 146 146
777 430 73 73
790 491 56 56
784 459 66 66
780 410 68 68
6 548 31 31
475 457 93 93
705 540 31 31
657 612 28 28
689 615 28 28
826 726 26 26
448 686 32 32
208 674 30 30
549 577 55 55
735 542 102 102
732 690 75 75
687 590 55 55
640 569 52 52
97 664 49 49
312 671 52 52
411 611 68 68
2_Demonstration_Political_Rally_2_726.jpg
65
616 69 30 30
996 75 24 24
735 270 27 27
431 83 32 32
25 110 26 26
88 182 27 27
743 163 28 28
491 280 40 40
90 206 29 29
564 7 39 39
428 60 30 30
12 109 31 31
815 217 65 65
170 223 77 77
118 242 48 48
306 83 53 53
151 194 59 59
845 244 51 51
560 66 43 43
82 252 50 50
462 128 51 51
131 124 97 97
949 92 57 57
859 291 37 37
115 87 63 63
226 68 55 55
646 40 69 69
836 125 61 61
109 137 65 65
806 249 65 65
152 165 113 113
496 215 210 210
305 71 81 81
661 224 131 131
265 229 215 215
969 299 29 29
753 294 75 75
157 258 96 96
522 247 114 114
710 265 158 158
699 304 53 53
481 500 45 45
58 467 48 48
164 331 58 58
543 336 74 74
646 317 59 59
694 342 69 69
173 286 61 61
983 451 38 38
5 403 60 60
483 520 46 46
680 425 69 69
475 532 39 39
973 475 49 49
537 469 115 115
559 555 60 60
592 442 58 58
525 436 61 61
6 421 64 64
506 395 113 113
149 560 147 147
652 577 49 49
790 614 116 116
510 439 102 102
369 681 52 52
2_Demonstration_Protesters_2_559.jpg
58
434 158 26 26
838 184 27 27
167 193 30 30
37 246 26 26
502 165 28 28
974 191 27 27
169 169 29 29
112 281 25 25
367 120 26 26
338 121 31 31
926 268 29 29
588 274 29 29
423 199 31 31
911 114 31 31
831 113 46 46
105 203 42 42
120 20 110 110
103 186 47 47
268 67 78 78
433 65 77 77
530 126 56 56
104 293 56 56
435 248 58 58
570 335 26 26
688 158 64 64
674 233 69 69
59 111 92 92
506 268 74 74
565 199 63 63
688 175 68 68
603 121 58 58
886 162 70 70
362 308 113 113
203 112 76 76
742 115 81 81
499 135 97 97
246 128 102 102
571 363 65 65
69 398 26 26
584 237 103 103
470 333 65 65
216 122 118 118
456 454 30 30
9 113 87 87
581 114 127 127
732 428 55 55
864 580 29 29
876 454 54 54
381 444 53 53
574 477 47 47
431 518 94 94
430 584 90 90
532 589 106 106
51 430 143 143
9 632 66 66
141 696 29 29
312 472 110 110
422 428 81 81
13_Interview_Interview_2_People_Visible_13_381.jpg
35
824 191 26 26
679 271 26 26
87 35 28 28
126 35 27 27
198 35 25 25
61 38 27 27
780 282 30 30
324 161 40 40
28 79 34 34
807 320 40 40
370 176 177 177
92 270 63 63
504 315 77 77
795 515 32 32
298 349 64 64
796 452 55 55
512 460 58 58
858 377 69 69
412 432 59 59
418 518 72 72
407 393 175 175
417 549 62 62
482 670 24 24
420 672 28 28
430 713 25 25
429 695 25 25
468 722 33 33
827 656 28 28
774 676 31 31
958 766 32 32
616 587 63 63
321 646 57 57
507 631 55 55
96 676 78 78
14 770 53 53
18_Concerts_Concerts_18_252.jpg
63
86 87 47 47
789 387 24 24
540 204 24 24
508 309 28 28
502 453 26 26
522 269 27 27
639 191 27 27
837 403 29 29
686 541 26 26
633 239 28 28
624 549 26 26
685 557 27 27
570 559 26 26
520 287 28 28
628 570 26 26
679 574 31 31
491 424 36 36
662 560 30 30
492 183 50 50
661 583 27 27
764 533 46 46
706 602 32 32
639 558 32 32
801 324 54 54
842 432 66 66
559 280 62 62
507 371 50 50
710 638 26 26
838 388 59 59
617 670 28 28
362 683 28 28
703 523 57 57
509 300 62 62
522 689 25 25
811 689 26 26
859 481 73 73
385 650 30 30
638 604 33 33
759 508 56 56
351 700 28 28
330 790 28 28
686 555 54 54
623 762 30 30
753 820 30 30
887 624 43 43
533 808 29 29
868 514 74 74
691 760 34 34
683 590 56 56
545 924 28 28
745 543 65 65
600 774 34 34
746 584 62 62
74 736 52 52
415 608 60 60
313 740 45 45
712 899 65 65
740 834 57 57
320 763 55 55
716 765 57 57
510 1182 95 95
690 757 72 72
518 1251 87 87
13_Interview_Interview_On_Location_13_537.jpg
32
126 255 27 27
335 476 26 26
899 405 26 26
501 370 26 26
390 205 25 25
4 259 33 33
330 467 46 46
748 615 26 26
743 626 27 27
737 601 31 31
816 633 27 27
791 634 27 27
733 586 37 37
834 800 24 24
581 746 26 26
514 925 26 26
924 570 42 42
319 625 49 49
472 974 25 25
600 881 60 60
514 840 51 51
740 809 61 61
525 593 69 69
540 943 61 61
473 914 62 62
678 933 135 135
607 981 237 237
622 1058 76 76
518 1073 60 60
822 1285 53 53
465 1228 57 57
546 1174 87 87
2_Demonstration_Demonstrators_2_100.jpg
64
453 438 28 28
433 136 55 55
860 524 38 38
824 359 58 58
268 252 49 49
535 516 55 55
657 631 57 57
415 147 110 110
876 246 70 70
221 315 58 58
684 231 61 61
103 252 51 51
817 417 64 64
376 596 62 62
26 426 71 71
441 224 177 177
680 143 267 267
478 533 80 80
196 585 96 96
502 646 35 35
741 279 109 109
868 310 89 89
479 394 112 112
10 414 123 123
432 758 70 70
114 343 106 106
892 1029 28 28
716 908 59 59
605 866 52 52
378 650 84 84
193 763 73 73
170 904 61 61
455 345 144 144
108 1042 50 50
736 1041 49 49
806 1107 26 26
177 878 89 89
731 936 100 100
42 209 308 308
677 937 94 94
640 1074 32 32
208 956 70 70
576 1463 30 30
181 1388 32 32
730 1336 32 32
98 1111 58 58
401 1138 52 52
173 1279 52 52
502 1144 54 54
716 1293 54 54
181 1205 70 70
806 1093 55 55
633 1332 71 71
249 1441 95 95
293 975 388 388
312 1592 69 69
460 1503 62 62
639 1397 66 66
158 1218 113 113
232 1269 78 78
272 1523 67 67
404 1084 157 157
418 1386 173 173
331 1544 105 105
0_Parade_marchingband_1_629.jpg
26
919 158 39 39
935 40 46 46
564 287 49 49
165 131 74 74
65 272 66 66
549 254 64 64
314 306 26 26
857 272 67 67
692 253 77 77
246 432 25 25
216 439 26 26
689 395 34 34
927 289 57 57
641 514 30 30
395 427 39 39
428 426 45 45
824 498 32 32
357 411 45 45
981 473 39 39
569 444 49 49
181 410 60 60
657 468 60 60
878 385 86 86
870 445 79 79
986 740 26 26
838 686 30 30
16_Award_Ceremony_Awards_Ceremony_16_116.jpg
61
787 340 28 28
272 401 25 25
182 456 28 28
717 232 27 27
906 521 36 36
384 398 34 34
345 359 32 32
424 163 59 59
386 213 117 117
853 516 49 49
859 548 51 51
555 173 111 111
200 450 56 56
553 132 57 57
813 466 53 53
549 527 55 55
301 392 67 67
591 561 57 57
593 126 55 55
432 340 47 47
137 407 51 51
10 298 76 76
25 336 55 55
35 504 84 84
159 545 78 78
725 368 76 76
615 298 62 62
131 384 73 73
705 256 68 68
111 104 77 77
351 114 164 164
600 268 79 79
855 577 89 89
18 343 74 74
138 644 29 29
841 720 32 32
16 668 30 30
749 843 26 26
54 666 46 46
29 738 49 49
915 921 46 46
5 677 58 58
324 1164 30 30
646 873 83 83
837 612 99 99
323 880 85 85
581 1254 30 30
633 1125 71 71
376 1065 99 99
437 1450 26 26
418 1273 34 34
695 1425 28 28
574 1263 48 48
413 1292 46 46
612 1303 45 45
428 1328 37 37
129 1373 49 49
370 1362 67 67
680 1249 66 66
366 1232 82 82
366 1302 67 67
13_Interview_Interview_2_People_Visible_13_285.jpg
32
138 136 26 26
605 356 34 34
693 551 28 28
561 287 116 116
450 248 100 100
729 552 34 34
681 320 88 88
365 387 240 240
687 221 149 149
401 293 142 142
743 595 47 47
212 672 24 24
294 672 25 25
575 75 100 100
837 72 104 104
340 574 67 67
112 675 60 60
758 582 88 88
866 703 54 54
659 658 60 60
769 664 83 83
422 739 55 55
619 736 52 52
429 806 142 142
571 722 56 56
542 988 63 63
509 728 62 62
25 1094 66 66
514 981 79 79
118 930 90 90
255 976 130 130
419 1052 108 108
18_Concerts_Concerts_18_469.jpg
34
313 132 29 29
292 214 39 39
258 259 28 28
310 185 33 33
96 92 41 41
299 194 45 45
843 222 55 55
660 240 52 52
474 257 51 51
4 275 55 55
156 324 32 32
725 302 28 28
9 308 39 39
634 288 26 26
147 401 30 30
903 401 39 39
906 387 27 27
644 300 28 28
842 273 55 55
228 492 43 43
226 341 66 66
885 406 60 60
159 316 70 70
218 310 56 56
33 453 61 61
222 442 68 68
29 516 51 51
217 303 103 103
147 568 27 27
256 494 124 124
94 534 100 100
363 491 154 154
891 615 38 38
19 542 58 58
0_Parade_Parade_0_873.jpg
76
208 244 58 58
975 275 25 25
14 294 25 25
208 308 26 26
476 309 26 26
398 325 32 32
297 352 26 26
192 283 25 25
182 373 28 28
774 348 29 29
273 373 27 27
511 374 25 25
990 311 24 24
850 329 27 27
802 352 28 28
186 357 25 25
929 298 30 30
739 314 27 27
20 417 27 27
739 356 29 29
501 318 25 25
88 464 34 34
455 402 30 30
770 359 28 28
314 464 57 57
616 486 29 29
11 365 27 27
64 445 29 29
366 321 26 26
628 366 25 25
665 364 27 27
558 448 28 28
932 289 28 28
592 446 29 29
959 345 31 31
714 409 36 36
76 372 28 28
149 408 36 36
333 370 29 29
738 503 26 26
820 511 60 60
269 316 28 28
319 318 28 28
980 506 25 25
113 428 33 33
579 344 31 31
251 502 27 27
656 434 30 30
484 524 26 26
222 261 56 56
779 418 39 39
326 512 40 40
174 387 41 41
315 395 38 38
727 500 38 38
209 283 58 58
710 485 54 54
618 289 58 58
612 479 53 53
842 472 56 56
308 442 54 54
923 398 58 58
929 381 55 55
772 390 59 59
923 544 55 55
896 338 56 56
441 369 65 65
785 408 64 64
184 458 101 101
899 360 101 101
15 508 77 77
118 581 28 28
110 628 55 55
463 539 55 55
345 607 57 57
94 602 60 60
13_Interview_Interview_On_Location_13_190.jpg
11
95 37 25 25
275 264 34 34
279 231 55 55
234 330 26 26
256 326 67 67
775 356 118 118
394 374 65 65
609 512 88 88
452 464 136 136
286 499 79 79
281 554 80 80
10_People_Marching_People_Marching_10_People_Marching_People_Marching_10_848.jpg
64
754 87 25 25
584 174 32 32
853 86 35 35
41 199 28 28
778 47 26 26
479 135 29 29
984 176 27 27
133 199 29 29
854 179 27 27
913 13 27 27
287 189 27 27
897 86 43 43
958 29 33 33
240 212 28 28
714 100 55 55
142 10 45 45
775 32 42 42
726 2 47 47
177 21 61 61
896 121 52 52
270 183 38 38
179 62 62 62
176 89 64 64
179 123 62 62
354 197 50 50
473 144 74 74
758 113 84 84
354 164 73 73
69 350 31 31
79 353 26 26
120 160 70 70
561 372 27 27
159 277 30 30
126 181 74 74
583 169 168 168
668 375 29 29
389 199 72 72
18 208 80 80
514 411 29 29
277 352 32 32
530 284 56 56
574 329 56 56
426 409 31 31
479 314 57 57
164 421 30 30
489 336 56 56
880 258 128 128
753 349 65 65
285 504 32 32
307 537 25 25
310 545 25 25
639 435 51 51
403 545 55 55
548 588 26 26
549 581 34 34
283 582 68 68
176 592 61 61
132 605 30 30
561 623 29 29
404 566 53 53
903 613 36 36
417 603 44 44
6 578 71 71
153 627 50 50
2_Demonstration_Demonstrators_2_329.jpg
82
608 195 26 26
861 168 39 39
61 87 26 26
865 242 27 27
153 116 25 25
906 178 27 27
406 56 25 25
728 162 24 24
555 229 24 24
964 165 24 24
454 186 26 26
204 52 48 48
374 101 28 28
374 121 32 32
870 232 25 25
929 183 33 33
728 169 26 26
801 211 28 28
676 234 31 31
694 235 26 26
903 214 26 26
960 196 27 27
218 159 28 28
967 72 30 30
414 119 28 28
130 99 28 28
434 209 27 27
716 230 28 28
788 189 30 30
276 82 38 38
758 152 35 35
380 125 39 39
437 226 37 37
213 100 37 37
191 177 34 34
448 39 56 56
634 238 44 44
315 78 43 43
97 20 62 62
633 166 55 55
594 246 37 37
784 197 52 52
335 146 58 58
245 103 66 66
185 185 48 48
685 193 52 52
665 90 66 66
963 295 26 26
61 235 79 79
962 304 29 29
724 281 32 32
608 159 83 83
901 181 108 108
963 353 27 27
964 326 26 26
316 379 26 26
603 384 28 28
885 399 27 27
244 419 34 34
796 383 27 27
877 412 27 27
277 399 33 33
270 413 28 28
801 343 38 38
676 508 28 28
216 396 30 30
836 255 61 61
364 467 29 29
774 482 27 27
565 405 32 32
78 279 57 57
821 318 60 60
774 371 53 53
564 484 44 44
550 423 56 56
871 412 50 50
187 437 60 60
698 455 57 57
233 434 72 72
551 396 96 96
948 572 27 27
985 577 31 31
11_Meeting_Meeting_11_Meeting_Meeting_11_26.jpg
28
777 264 26 26
299 224 58 58
685 94 56 56
294 142 65 65
500 136 65 65
750 240 75 75
509 111 117 117
216 272 25 25
718 102 146 146
257 111 134 134
70 256 73 73
863 286 34 34
334 466 28 28
771 433 26 26
357 371 36 36
661 426 56 56
482 440 62 62
954 416 48 48
452 524 45 45
618 284 56 56
71 443 63 63
821 439 66 66
325 412 115 115
508 492 52 52
771 415 79 79
645 552 28 28
430 561 27 27
63 501 62 62
2_Demonstration_Protesters_2_748.jpg
48
298 236 29 29
402 217 29 29
505 261 36 36
707 40 31 31
744 250 28 28
124 266 30 30
146 211 26 26
495 155 70 70
376 182 30 30
196 257 32 32
456 193 38 38
59 304 39 39
808 319 42 42
954 254 55 55
633 236 57 57
485 364 79 79
59 180 76 76
12 266 75 75
170 298 47 47
706 436 29 29
941 186 60 60
476 445 26 26
293 446 26 26
223 280 77 77
172 326 54 54
97 290 53 53
187 200 91 91
222 320 88 88
30 295 67 67
836 375 51 51
803 280 109 109
857 483 27 27
256 415 59 59
12 345 103 103
716 458 63 63
26 385 98 98
322 608 28 28
508 592 30 30
644 472 37 37
329 629 29 29
637 484 53 53
760 420 88 88
318 592 65 65
504 611 67 67
432 687 27 27
276 490 61 61
209 671 56 56
280 653 61 61
2_Demonstration_Political_Rally_2_791.jpg
79
862 198 26 26
910 131 28 28
382 164 30 30
484 133 27 27
759 118 30 30
480 120 31 31
459 191 34 34
412 129 37 37
588 46 71 71
402 146 61 61
500 21 43 43
566 141 36 36
892 126 43 43
493 50 56 56
287 96 58 58
883 152 52 52
289 7 55 55
617 137 68 68
50 91 309 309
597 205 71 71
772 218 95 95
429 263 26 26
715 193 166 166
797 365 27 27
932 397 28 28
930 278 30 30
333 400 34 34
958 429 29 29
876 262 34 34
650 285 67 67
968 289 45 45
795 308 42 42
56 440 25 25
583 460 28 28
545 308 69 69
51 371 56 56
386 352 70 70
192 405 94 94
308 446 54 54
27 459 40 40
631 433 25 25
511 446 25 25
767 368 83 83
29 415 64 64
769 327 104 104
578 407 62 62
583 480 28 28
619 496 27 27
872 382 100 100
862 523 27 27
961 509 29 29
12 513 26 26
928 483 26 26
371 459 57 57
451 451 59 59
916 526 25 25
102 528 26 26
620 515 25 25
399 530 35 35
345 547 26 26
310 550 26 26
828 476 28 28
312 489 48 48
284 500 30 30
62 506 62 62
104 473 33 33
829 533 28 28
990 521 31 31
369 530 37 37
231 489 43 43
641 475 47 47
821 536 39 39
47 505 49 49
854 497 53 53
814 524 50 50
0 505 54 54
631 448 53 53
90 457 56 56
513 470 77 77
1_Handshaking_Handshaking_1_134.jpg
67
935 189 25 25
423 94 28 28
684 46 24 24
612 246 27 27
843 4 29 29
148 200 27 27
431 79 28 28
681 103 26 26
114 250 29 29
669 5 30 30
970 276 29 29
615 237 27 27
104 264 45 45
858 137 31 31
606 260 42 42
795 130 27 27
646 87 28 28
856 160 30 30
321 221 46 46
860 123 34 34
988 69 32 32
608 35 31 31
924 88 34 34
990 166 31 31
668 184 49 49
930 174 40 40
552 258 56 56
877 6 48 48
934 80 41 41
858 43 63 63
617 141 51 51
854 142 52 52
924 146 48 48
292 88 95 95
5 143 52 52
318 193 74 74
904 2 52 52
460 64 64 64
551 109 54 54
615 152 56 56
912 109 52 52
704 88 60 60
36 78 74 74
639 6 72 72
461 322 29 29
52 422 37 37
112 413 28 28
556 338 56 56
488 479 32 32
723 363 60 60
453 476 43 43
418 484 43 43
85 339 60 60
112 516 52 52
326 581 53 53
803 576 49 49
27 450 60 60
687 426 64 64
710 364 113 113
902 550 63 63
847 562 58 58
677 673 27 27
26 695 29 29
1 532 85 85
684 555 83 83
630 600 76 76
467 579 72 72
10_People_Marching_People_Marching_2_269.jpg
15
247 28 29 29
201 226 25 25
275 126 124 124
764 240 30 30
612 208 28 28
694 236 26 26
99 321 31 31
257 178 166 166
754 361 28 28
741 375 25 25
126 284 53 53
12 264 53 53
195 316 58 58
135 319 64 64
874 385 66 66
19_Couple_Couple_19_509.jpg
30
250 275 52 52
420 371 55 55
880 474 55 55
386 468 45 45
543 428 53 53
384 429 64 64
411 448 61 61
442 523 58 58
113 526 83 83
120 596 60 60
716 546 117 117
857 503 100 100
282 390 63 63
335 388 61 61
435 581 119 119
595 432 78 78
548 574 138 138
855 637 143 143
695 431 137 137
408 514 288 288
272 406 76 76
791 406 71 71
479 643 83 83
366 362 130 130
404 625 79 79
574 682 120 120
769 838 67 67
865 731 145 145
206 731 177 177
249 792 114 114
16_Award_Ceremony_Awards_Ceremony_16_85.jpg
25
407 238 52 52
966 219 27 27
165 197 55 55
267 242 59 59
519 240 58 58
816 262 70 70
672 236 68 68
169 246 53 53
275 297 29 29
58 199 129 129
392 282 71 71
275 309 53 53
164 500 27 27
337 508 26 26
158 512 29 29
339 519 24 24
272 293 53 53
341 543 26 26
467 551 27 27
347 560 28 28
613 599 26 26
352 706 26 26
100 500 65 65
965 584 52 52
459 707 51 51
13_Interview_Interview_Sequences_13_807.jpg
26
266 119 24 24
225 157 27 27
140 60 28 28
96 165 26 26
343 150 26 26
407 148 184 184
28 272 29 29
172 198 83 83
332 365 41 41
839 242 52 52
261 421 27 27
124 343 34 34
205 433 28 28
364 416 28 28
333 388 35 35
173 499 38 38
79 381 58 58
13 243 128 128
573 287 83 83
455 437 71 71
167 349 88 88
177 359 103 103
421 326 150 150
16 333 144 144
164 409 81 81
162 544 80 80
13_Interview_Interview_On_Location_13_912.jpg
13
719 475 58 58
702 131 299 299
130 482 80 80
707 389 228 228
248 420 408 408
279 164 384 384
129 549 63 63
436 1055 37 37
440 876 122 122
530 1312 25 25
514 1392 28 28
753 1394 26 26
819 1390 30 30
1_Handshaking_Handshaking_1_733.jpg
23
172 240 26 26
280 110 26 26
307 202 25 25
305 188 24 24
994 81 26 26
279 190 28 28
488 108 34 34
482 229 48 48
767 193 112 112
36 172 53 53
293 234 87 87
799 119 98 98
306 172 74 74
767 258 168 168
529 193 221 221
557 364 56 56
670 476 55 55
446 576 30 30
450 643 30 30
551 635 25 25
496 529 33 33
638 626 56 56
432 527 105 105
19_Couple_Couple_19_1014.jpg
23
687 283 181 181
627 498 37 37
396 511 38 38
391 534 38 38
564 424 64 64
810 556 47 47
17 272 63 63
15 294 61 61
738 507 58 58
437 464 180 180
508 653 80 80
421 635 437 437
594 879 31 31
267 848 27 27
310 1103 26 26
637 1052 50 50
177 1192 30 30
858 816 73 73
667 973 76 76
108 1136 59 59
257 862 70 70
830 768 88 88
398 1078 96 96
1_Handshaking_Handshaking_1_522.jpg
29
461 113 43 43
472 144 32 32
703 34 55 55
706 55 90 90
407 136 57 57
244 162 63 63
244 141 59 59
722 19 66 66
78 134 73 73
644 200 80 80
75 305 25 25
42 290 27 27
73 382 26 26
589 332 30 30
615 304 27 27
557 342 28 28
259 354 27 27
548 321 32 32
300 455 30 30
301 448 26 26
221 462 26 26
36 469 29 29
541 355 54 54
399 252 72 72
674 412 98 98
568 509 36 36
784 475 60 60
244 478 80 80
608 477 85 85
