2_Demonstration_Demonstrators_2_456.jpg
251
29 23 45 45
41 70 30 30
154 0 25 25
178 74 52 52
165 5 26 26
308 36 35 35
184 8 47 47
359 32 36 36
433 54 27 27
233 216 57 57
505 73 26 26
656 46 53 53
548 34 26 26
739 108 26 26
637 90 25 25
710 86 33 33
783 54 27 27
830 49 38 38
974 89 30 30
617 128 30 30
402 16 27 27
575 15 31 31
244 91 25 25
163 116 26 26
653 94 26 26
23 132 51 51
243 115 25 25
679 207 59 59
980 76 24 24
581 108 31 31
475 140 27 27
890 42 71 71
49 116 28 28
731 96 26 26
315 1 28 28
378 4 26 26
699 147 24 24
163 151 34 34
626 162 26 26
658 160 27 27
750 42 27 27
256 4 28 28
547 115 27 27
679 151 26 26
251 98 29 29
540 134 59 59
839 5 35 35
277 102 28 28
240 22 57 57
376 117 33 33
277 6 27 27
438 176 25 25
602 168 25 25
733 42 29 29
891 13 40 40
48 197 27 27
419 24 29 29
265 198 26 26
353 171 30 30
427 196 28 28
18 67 25 25
777 46 27 27
854 25 28 28
520 24 31 31
556 179 29 29
164 137 28 28
928 201 28 28
557 202 26 26
974 9 26 26
290 11 24 24
700 10 25 25
708 6 30 30
787 114 28 28
622 191 24 24
577 206 24 24
679 30 27 27
944 27 30 30
620 208 27 27
751 193 29 29
566 177 30 30
637 9 39 39
134 124 28 28
918 5 35 35
748 178 32 32
583 73 37 37
614 193 35 35
115 20 41 41
462 157 43 43
160 92 32 32
970 99 30 30
784 154 78 78
9 166 54 54
786 19 40 40
675 6 32 32
618 166 47 47
852 264 67 67
73 166 52 52
3 224 28 28
170 223 29 29
76 227 29 29
753 14 35 35
636 158 55 55
871 212 35 35
492 15 54 54
78 37 74 74
812 100 68 68
156 181 52 52
73 11 57 57
377 12 58 58
785 1 56 56
715 96 48 48
896 101 98 98
826 159 130 130
154 25 64 64
863 227 24 24
103 230 74 74
544 74 102 102
518 70 111 111
636 244 26 26
393 269 32 32
736 258 26 26
630 268 26 26
288 82 211 211
346 282 28 28
459 363 68 68
332 240 151 151
188 307 28 28
333 301 38 38
797 7 90 90
668 312 24 24
482 315 51 51
406 236 52 52
750 312 27 27
754 8 99 99
703 319 25 25
741 320 26 26
68 338 26 26
61 295 33 33
56 50 226 226
728 276 39 39
109 340 27 27
549 343 32 32
666 333 28 28
797 227 52 52
271 350 40 40
680 257 56 56
294 360 30 30
701 350 25 25
595 355 26 26
860 366 27 27
766 260 55 55
594 362 28 28
847 362 27 27
186 296 43 43
163 370 50 50
895 377 28 28
644 389 35 35
766 398 26 26
893 394 27 27
266 401 44 44
794 413 34 34
248 393 25 25
866 389 29 29
209 405 27 27
173 420 25 25
75 390 29 29
9 390 27 27
34 427 26 26
243 407 29 29
768 429 24 24
811 372 40 40
701 429 28 28
590 445 70 70
840 427 32 32
54 440 26 26
42 470 36 36
420 446 28 28
883 443 28 28
490 443 36 36
216 449 34 34
839 379 58 58
747 454 28 28
804 325 56 56
707 445 46 46
284 476 52 52
942 383 64 64
100 454 44 44
201 399 51 51
882 367 52 52
951 443 52 52
750 460 39 39
253 180 275 275
523 456 25 25
110 475 26 26
694 376 70 70
179 473 25 25
492 484 26 26
934 483 29 29
176 504 29 29
922 501 48 48
884 468 30 30
221 486 50 50
848 480 27 27
981 515 26 26
121 473 33 33
340 508 29 29
456 507 30 30
167 521 36 36
910 477 30 30
477 479 32 32
116 515 46 46
921 387 98 98
66 528 29 29
781 518 33 33
501 507 30 30
27 377 135 135
9 540 28 28
346 539 27 27
356 535 29 29
146 535 26 26
298 542 29 29
869 542 27 27
212 436 90 90
200 532 35 35
242 544 29 29
668 547 27 27
938 545 29 29
71 547 25 25
347 550 25 25
109 547 28 28
146 549 25 25
379 508 60 60
724 507 55 55
769 487 80 80
121 501 33 33
876 500 40 40
643 515 60 60
920 521 55 55
969 515 31 31
816 461 65 65
525 541 27 27
84 513 36 36
475 541 33 33
121 537 34 34
278 521 41 41
162 494 52 52
17 497 59 59
325 503 60 60
90 506 44 44
493 482 56 56
831 486 64 64
