ImageResources
133
215 65 31 31
811 123 27 27
731 61 35 35
45 142 31 31
943 280 28 28
783 172 28 28
212 154 264 264
110 190 45 45
376 93 127 127
332 354 143 143
81 136 108 108
774 473 55 55
198 365 115 115
515 484 55 55
816 426 51 51
39 468 45 45
134 472 55 55
225 434 279 279
50 614 27 27
60 569 31 31
157 628 25 25
584 637 50 50
683 604 25 25
78 611 32 32
156 613 24 24
130 607 29 29
644 553 32 32
77 438 51 51
36 427 75 75
153 544 47 47
35 642 49 49
656 651 37 37
26 491 73 73
592 562 60 60
554 538 49 49
600 522 55 55
596 547 53 53
532 536 57 57
44 693 37 37
555 572 64 64
731 436 104 104
102 547 57 57
644 592 77 77
99 721 46 46
741 550 186 186
759 838 33 33
51 779 29 29
340 731 347 347
244 758 48 48
84 691 56 56
173 846 55 55
223 875 29 29
265 887 28 28
576 878 48 48
527 905 40 40
4 776 41 41
133 895 46 46
718 862 41 41
404 932 44 44
785 755 51 51
111 804 60 60
514 829 60 60
828 743 57 57
173 893 60 60
790 832 55 55
831 735 70 70
171 752 68 68
44 834 57 57
795 870 49 49
40 870 75 75
45 955 51 51
845 825 90 90
131 956 55 55
46 918 55 55
701 838 88 88
238 790 88 88
42 978 56 56
181 1070 33 33
180 1046 45 45
977 1089 24 24
182 1087 30 30
536 1110 49 49
46 1057 42 42
129 1046 54 54
222 1059 56 56
480 1135 68 68
803 1060 30 30
234 988 51 51
755 970 96 96
782 1097 49 49
132 1111 54 54
795 1134 30 30
175 930 90 90
790 1188 26 26
52 668 708 708
218 1183 28 28
946 1223 30 30
832 1116 49 49
346 1003 321 321
214 1020 73 73
701 1041 66 66
512 1286 28 28
40 1173 56 56
945 1305 47 47
929 1218 31 31
129 1167 54 54
317 1268 44 44
210 1128 53 53
929 1106 55 55
42 1109 60 60
929 1244 33 33
863 1274 39 39
601 1089 70 70
733 1082 103 103
928 1176 52 52
610 1137 63 63
376 1237 57 57
647 1260 63 63
4 1252 54 54
251 1276 59 59
483 1207 73 73
720 1232 57 57
829 1189 76 76
710 1211 62 62
737 1213 58 58
609 1327 62 62
261 1125 76 76
854 1254 73 73
727 1259 71 71
675 1318 69 69
801 1112 85 85
265 1257 100 100
66 1196 108 108
