ImageResources
36
193 130 300 300
220 427 293 293
43 470 41 41
354 349 150 150
770 474 59 59
131 476 57 57
586 644 27 27
75 613 29 29
513 481 60 60
97 720 49 49
571 515 82 82
576 799 37 37
535 912 28 28
111 784 48 48
45 833 53 53
174 854 53 53
407 840 60 60
181 955 56 56
568 866 58 58
524 894 51 51
407 916 59 59
459 1112 59 59
752 961 111 111
417 1065 173 173
945 1220 30 30
540 714 110 110
129 1119 58 58
134 1089 50 50
952 1315 33 33
534 1107 54 54
832 1117 50 50
924 1102 61 61
501 1154 66 66
931 1290 58 58
491 1204 70 70
761 1055 90 90
