2_Demonstration_Demonstrators_2_456.jpg
27
762 79 35 35
708 163 49 49
824 46 37 37
254 110 60 60
306 90 62 62
394 66 52 52
692 43 56 56
598 44 58 58
298 127 91 91
679 164 85 85
237 65 131 131
452 29 82 82
673 117 121 121
170 215 78 78
842 248 57 57
88 416 28 28
15 291 82 82
674 273 111 111
633 435 82 82
463 366 61 61
100 404 50 50
6 324 70 70
467 345 74 74
222 487 52 52
434 454 65 65
639 481 67 67
921 490 61 61
19_Couple_Couple_19_139.jpg
7
373 70 35 35
414 104 38 38
622 132 57 57
681 164 51 51
672 101 54 54
342 160 192 192
414 372 28 28
13_Interview_Interview_On_Location_13_166.jpg
4
525 5 46 46
384 190 266 266
147 501 101 101
66 951 25 25
14_Traffic_Traffic_14_504.jpg
1
334 292 57 57
2_Demonstration_Protesters_2_525.jpg
34
698 58 34 34
982 154 34 34
371 9 77 77
860 164 58 58
230 178 54 54
948 348 27 27
98 348 29 29
712 360 27 27
822 337 26 26
846 365 25 25
251 368 26 26
200 382 27 27
479 396 28 28
309 386 27 27
576 403 28 28
761 401 28 28
77 381 25 25
844 394 27 27
997 400 25 25
322 415 29 29
657 431 26 26
846 426 29 29
948 434 28 28
388 438 28 28
482 441 28 28
759 458 29 29
837 474 27 27
233 488 25 25
50 433 34 34
994 462 29 29
552 485 35 35
413 517 33 33
877 519 35 35
659 486 37 37
2_Demonstration_Political_Rally_2_90.jpg
10
732 212 30 30
274 342 29 29
434 153 116 116
893 339 41 41
518 256 74 74
572 338 59 59
798 454 53 53
505 490 114 114
53 618 49 49
799 701 61 61
12_Group_Team_Organized_Group_12_Group_Team_Organized_Group_12_235.jpg
22
663 496 32 32
662 362 91 91
208 422 177 177
151 687 28 28
427 580 64 64
70 775 41 41
659 711 42 42
552 782 35 35
173 816 60 60
184 841 52 52
860 591 82 82
625 703 57 57
485 921 58 58
546 694 64 64
481 905 84 84
410 1122 26 26
500 998 54 54
413 777 137 137
704 746 196 196
705 953 269 269
185 1163 48 48
100 1011 162 162
0_Parade_Parade_0_72.jpg
5
910 153 54 54
456 390 26 26
688 415 34 34
482 305 134 134
660 439 35 35
13_Interview_Interview_Sequences_13_31.jpg
12
872 107 50 50
832 34 60 60
820 20 95 95
189 147 165 165
222 104 86 86
665 192 124 124
342 477 27 27
648 285 150 150
249 367 57 57
199 501 49 49
255 386 59 59
143 572 52 52
0_Parade_Parade_0_850.jpg
23
658 259 28 28
397 108 46 46
627 291 29 29
945 288 29 29
485 303 26 26
485 212 38 38
361 312 27 27
564 154 52 52
143 311 28 28
248 315 26 26
747 302 31 31
846 282 35 35
396 200 58 58
454 136 83 83
206 295 67 67
661 445 30 30
213 506 27 27
182 490 33 33
456 418 54 54
391 475 66 66
858 585 55 55
499 491 75 75
533 575 64 64
2_Demonstration_Protesters_2_370.jpg
12
39 272 49 49
117 245 53 53
697 189 65 65
264 240 55 55
580 244 68 68
501 216 64 64
30 318 82 82
7 317 78 78
352 434 63 63
374 439 54 54
495 481 98 98
640 574 67 67
2_Demonstration_Demonstration_Or_Protest_2_430.jpg
8
693 111 29 29
608 140 51 51
348 184 54 54
105 247 59 59
917 384 34 34
45 470 57 57
285 491 54 54
9 432 97 97
18_Concerts_Concerts_18_1015.jpg
20
210 377 57 57
822 599 49 49
54 21 187 187
154 632 55 55
391 633 59 59
620 627 53 53
614 598 65 65
613 853 66 66
652 876 52 52
376 831 55 55
557 956 94 94
591 703 104 104
567 1010 61 61
772 912 98 98
451 1227 45 45
194 1215 61 61
728 1117 79 79
27 1061 110 110
336 997 111 111
163 1208 77 77
13_Interview_Interview_2_People_Visible_13_189.jpg
18
568 188 44 44
752 246 40 40
811 257 50 50
106 52 52 52
247 224 56 56
672 248 51 51
913 246 55 55
156 210 70 70
509 220 62 62
393 226 52 52
323 54 74 74
902 286 79 79
917 343 59 59
36 142 215 215
774 296 85 85
286 208 123 123
598 214 102 102
671 495 32 32
12_Group_Group_12_Group_Group_12_80.jpg
33
280 118 37 37
406 106 33 33
131 112 41 41
593 116 36 36
639 118 36 36
521 100 36 36
701 123 34 34
347 129 37 37
803 120 33 33
73 147 35 35
836 173 34 34
220 130 35 35
927 134 36 36
461 120 46 46
417 229 44 44
530 221 49 49
648 211 58 58
180 292 47 47
873 288 34 34
302 305 37 37
765 286 40 40
756 339 26 26
98 337 31 31
900 236 63 63
821 373 31 31
395 384 51 51
48 327 49 49
80 316 53 53
337 429 28 28
448 373 54 54
781 324 60 60
810 481 29 29
897 402 55 55
17_Ceremony_Ceremony_17_765.jpg
14
475 165 26 26
292 206 28 28
200 178 29 29
475 160 49 49
563 197 57 57
124 320 25 25
314 308 30 30
22 390 58 58
571 438 66 66
223 523 54 54
270 462 121 121
286 499 69 69
78 478 50 50
35 651 30 30
18_Concerts_Concerts_18_60.jpg
0
2_Demonstration_Demonstrators_2_700.jpg
6
256 178 77 77
228 142 124 124
380 343 27 27
580 283 99 99
416 519 55 55
872 570 79 79
12_Group_Team_Organized_Group_12_Group_Team_Organized_Group_12_583.jpg
25
990 155 32 32
699 145 26 26
614 117 29 29
142 46 35 35
819 31 31 31
828 174 29 29
122 81 38 38
390 176 28 28
821 30 41 41
426 75 63 63
875 71 61 61
527 63 50 50
916 9 57 57
469 16 52 52
762 25 64 64
170 7 86 86
569 224 28 28
662 193 33 33
824 223 38 38
549 216 52 52
811 285 64 64
256 224 60 60
588 300 47 47
522 281 51 51
957 254 53 53
2_Demonstration_Demonstrators_2_781.jpg
18
391 198 29 29
534 217 36 36
723 269 27 27
844 293 28 28
252 176 59 59
461 206 47 47
542 151 64 64
792 232 58 58
920 206 61 61
96 192 59 59
292 384 65 65
385 436 25 25
825 219 73 73
252 335 220 220
531 480 48 48
680 432 49 49
523 507 54 54
616 473 52 52
10_People_Marching_People_Marching_10_People_Marching_People_Marching_10_People_Marching_People_Marching_10_619.jpg
4
420 21 60 60
782 346 53 53
653 717 100 100
683 582 89 89
2_Demonstration_Political_Rally_2_763.jpg
11
739 218 54 54
666 191 63 63
245 152 65 65
429 200 61 61
794 250 81 81
299 122 74 74
529 158 82 82
537 197 83 83
926 314 85 85
550 443 118 118
547 477 136 136
0_Parade_Parade_0_478.jpg
5
584 246 54 54
270 346 65 65
158 486 36 36
383 482 60 60
88 478 76 76
2_Demonstration_Demonstrators_2_547.jpg
28
699 127 31 31
170 182 34 34
819 138 49 49
480 162 49 49
214 140 65 65
796 339 36 36
684 149 55 55
639 164 50 50
226 189 47 47
209 168 59 59
389 168 61 61
135 321 59 59
676 130 106 106
608 151 73 73
254 220 73 73
10 183 71 71
619 391 61 61
292 460 34 34
935 435 59 59
217 416 62 62
632 465 67 67
668 382 88 88
444 653 31 31
420 542 57 57
694 585 65 65
851 686 63 63
164 616 62 62
937 617 59 59
18_Concerts_Concerts_18_855.jpg
1
99 170 67 67
2_Demonstration_Demonstration_Or_Protest_2_619.jpg
15
291 113 42 42
830 66 51 51
421 150 52 52
113 158 84 84
87 94 61 61
789 310 27 27
282 318 30 30
64 229 61 61
412 367 31 31
273 283 46 46
228 426 26 26
330 299 62 62
550 334 67 67
282 454 54 54
599 479 72 72
19_Couple_Couple_19_548.jpg
8
272 179 152 152
625 127 158 158
813 394 56 56
14 634 64 64
272 446 83 83
459 457 72 72
7 729 92 92
658 532 87 87
19_Couple_Couple_19_910.jpg
16
408 110 29 29
705 325 59 59
700 284 66 66
912 61 96 96
947 95 59 59
691 289 96 96
76 324 222 222
338 332 326 326
504 113 77 77
688 356 80 80
49 539 135 135
756 661 134 134
793 753 127 127
776 929 62 62
822 944 63 63
809 904 72 72
2_Demonstration_Protesters_2_618.jpg
39
768 200 25 25
239 49 53 53
958 52 48 48
140 73 54 54
700 50 51 51
444 191 51 51
476 20 51 51
312 89 60 60
601 150 58 58
515 170 61 61
594 15 57 57
247 230 71 71
812 234 63 63
359 169 64 64
702 168 65 65
929 161 61 61
684 141 78 78
451 170 60 60
456 262 66 66
308 231 108 108
812 198 125 125
763 259 40 40
854 266 65 65
745 438 38 38
676 440 54 54
40 287 62 62
540 398 59 59
227 302 65 65
759 278 71 71
487 356 113 113
824 522 37 37
772 522 49 49
359 620 33 33
805 478 56 56
152 615 57 57
374 658 37 37
80 533 62 62
80 506 68 68
768 550 62 62
13_Interview_Interview_Sequences_13_691.jpg
3
980 294 33 33
677 296 109 109
692 218 111 111
0_Parade_Parade_0_266.jpg
8
335 129 29 29
952 339 31 31
924 277 90 90
490 371 26 26
22 406 30 30
88 291 64 64
436 373 51 51
811 596 58 58
13_Interview_Interview_On_Location_13_728.jpg
4
91 422 480 480
8 82 400 400
714 542 72 72
577 1030 91 91
16_Award_Ceremony_Awards_Ceremony_16_270.jpg
24
223 571 50 50
186 286 147 147
454 188 132 132
405 187 315 315
256 649 53 53
271 467 131 131
496 812 71 71
204 901 84 84
302 579 147 147
896 830 89 89
894 772 92 92
376 819 103 103
452 700 101 101
369 924 163 163
614 692 190 190
62 628 227 227
655 1264 57 57
826 1444 65 65
682 1089 83 83
769 1134 62 62
274 1190 56 56
908 1317 68 68
422 1289 110 110
651 1082 112 112
2_Demonstration_Demonstration_Or_Protest_2_1.jpg
26
482 39 32 32
171 168 46 46
896 120 37 37
345 12 42 42
569 242 32 32
212 134 39 39
848 96 37 37
206 252 42 42
401 245 51 51
66 173 63 63
346 253 55 55
155 385 28 28
312 405 28 28
166 447 29 29
145 375 51 51
596 246 56 56
94 288 55 55
598 464 59 59
513 468 49 49
157 434 54 54
719 239 110 110
666 583 36 36
196 497 78 78
906 550 60 60
745 600 54 54
908 597 68 68
2_Demonstration_Protesters_2_204.jpg
10
597 195 98 98
401 9 87 87
559 138 117 117
529 133 171 171
879 443 55 55
542 434 39 39
682 262 57 57
385 309 102 102
134 439 94 94
786 551 52 52
0_Parade_Parade_0_353.jpg
16
826 150 32 32
494 239 31 31
344 130 28 28
832 263 27 27
753 231 31 31
812 121 42 42
886 130 60 60
882 99 66 66
870 163 78 78
680 228 63 63
179 294 30 30
424 197 120 120
118 316 30 30
360 329 28 28
834 251 63 63
20 357 40 40
11_Meeting_Meeting_11_Meeting_Meeting_11_807.jpg
17
692 228 27 27
471 51 33 33
127 152 32 32
548 30 54 54
406 79 57 57
473 247 33 33
593 221 56 56
547 177 61 61
272 183 62 62
159 31 109 109
860 88 139 139
319 465 26 26
412 259 52 52
154 280 72 72
886 260 77 77
852 341 72 72
142 324 118 118
1_Handshaking_Handshaking_1_457.jpg
2
335 234 402 402
919 672 80 80
1_Handshaking_Handshaking_1_380.jpg
12
374 24 54 54
741 104 56 56
240 137 58 58
507 215 75 75
464 188 150 150
629 253 147 147
597 240 217 217
464 280 64 64
949 456 61 61
403 532 47 47
439 661 29 29
425 530 66 66
1_Handshaking_Handshaking_1_275.jpg
3
450 302 171 171
358 736 33 33
312 716 94 94
12_Group_Group_12_Group_Group_12_935.jpg
47
14 108 26 26
843 219 28 28
986 177 25 25
979 244 27 27
988 247 25 25
819 92 28 28
652 116 25 25
877 117 26 26
609 252 29 29
50 191 26 26
527 120 30 30
510 184 28 28
67 290 25 25
133 280 25 25
408 350 28 28
648 313 26 26
827 353 25 25
531 358 26 26
37 393 26 26
939 376 26 26
950 320 25 25
65 320 28 28
572 393 27 27
509 424 25 25
431 453 29 29
46 506 26 26
685 450 30 30
18 455 27 27
758 420 30 30
233 490 25 25
866 461 28 28
408 524 26 26
805 456 28 28
153 276 66 66
219 525 30 30
464 561 30 30
530 528 26 26
461 531 25 25
891 636 26 26
770 603 27 27
780 563 27 27
15 564 27 27
828 606 25 25
20 607 26 26
578 608 25 25
695 595 30 30
547 664 30 30
13_Interview_Interview_Sequences_13_2.jpg
24
10 243 26 26
324 32 35 35
655 28 40 40
489 171 58 58
914 221 47 47
640 243 71 71
259 193 64 64
543 171 74 74
570 25 55 55
207 72 93 93
568 226 72 72
917 180 91 91
625 292 30 30
427 323 33 33
734 293 89 89
728 397 31 31
129 287 48 48
491 394 50 50
323 349 57 57
478 326 65 65
644 438 77 77
638 498 91 91
583 459 170 170
69 501 100 100
17_Ceremony_Ceremony_17_782.jpg
8
620 81 170 170
287 137 102 102
233 113 128 128
84 302 58 58
96 322 52 52
150 368 73 73
243 408 70 70
16 678 36 36
2_Demonstration_Political_Rally_2_335.jpg
87
651 114 57 57
739 146 30 30
577 61 30 30
663 63 31 31
922 197 33 33
873 150 42 42
444 157 30 30
11 30 26 26
982 5 26 26
238 178 36 36
856 113 34 34
244 97 29 29
338 59 26 26
2 240 26 26
724 77 40 40
611 78 36 36
326 105 35 35
897 43 29 29
38 254 27 27
466 29 32 32
24 77 32 32
68 63 30 30
643 228 52 52
938 115 36 36
748 178 38 38
60 206 40 40
56 135 43 43
356 223 42 42
141 100 28 28
34 225 34 34
231 228 43 43
82 253 31 31
573 134 40 40
924 188 35 35
605 161 44 44
473 175 38 38
158 38 48 48
157 180 64 64
354 146 61 61
274 158 54 54
771 198 51 51
151 259 41 41
542 104 55 55
102 266 52 52
214 263 45 45
656 169 57 57
84 236 42 42
171 257 56 56
400 262 61 61
268 269 54 54
489 239 62 62
739 246 54 54
271 241 68 68
70 116 70 70
204 249 81 81
551 244 81 81
906 294 25 25
148 230 119 119
5 357 29 29
208 284 58 58
830 295 38 38
633 298 53 53
694 314 62 62
375 336 54 54
284 322 65 65
470 292 53 53
697 366 50 50
888 344 61 61
444 376 51 51
331 451 38 38
2 335 51 51
45 337 56 56
271 429 63 63
822 483 57 57
665 416 69 69
315 428 62 62
74 397 65 65
674 507 50 50
369 306 85 85
332 425 77 77
347 515 61 61
499 435 136 136
462 435 72 72
19 442 114 114
238 554 78 78
779 569 72 72
510 527 145 145
2_Demonstration_Political_Rally_2_940.jpg
4
380 59 27 27
99 72 89 89
382 210 287 287
450 3 106 106
18_Concerts_Concerts_18_657.jpg
7
730 346 28 28
845 399 62 62
20 230 281 281
93 330 109 109
680 418 81 81
567 261 53 53
117 286 147 147
19_Couple_Couple_19_810.jpg
8
584 46 74 74
507 21 83 83
413 247 58 58
336 281 93 93
508 10 136 136
603 536 28 28
479 528 94 94
624 538 90 90
18_Concerts_Concerts_18_784.jpg
10
423 53 66 66
414 20 183 183
339 100 67 67
404 104 85 85
266 317 319 319
412 626 241 241
388 678 305 305
538 1069 51 51
252 1041 94 94
587 1037 232 232
13_Interview_Interview_On_Location_13_510.jpg
10
551 182 63 63
445 127 89 89
257 99 396 396
362 255 106 106
583 1080 29 29
154 1322 64 64
211 1289 48 48
189 1282 58 58
235 1282 63 63
132 1228 154 154
15_Stock_Market_Stock_Market_15_460.jpg
10
775 81 62 62
209 48 67 67
446 149 57 57
335 130 59 59
574 120 60 60
786 145 58 58
146 130 68 68
764 235 110 110
758 194 113 113
396 563 55 55
12_Group_Group_12_Group_Group_12_101.jpg
33
120 222 26 26
707 222 26 26
938 284 28 28
348 215 55 55
516 193 56 56
723 229 58 58
658 136 58 58
364 333 54 54
320 148 55 55
825 151 55 55
474 129 58 58
581 159 61 61
337 280 78 78
907 210 58 58
348 326 80 80
728 142 56 56
513 348 89 89
590 406 27 27
265 111 105 105
317 417 31 31
393 403 28 28
323 457 24 24
826 469 26 26
316 436 34 34
372 122 77 77
369 423 54 54
374 556 39 39
674 528 49 49
759 578 30 30
627 534 34 34
181 603 45 45
328 554 46 46
54 614 67 67
2_Demonstration_Political_Rally_2_382.jpg
19
963 187 33 33
212 30 72 72
953 29 58 58
176 33 54 54
434 421 96 96
959 345 48 48
304 62 60 60
274 292 75 75
236 114 70 70
961 94 55 55
336 97 65 65
910 45 87 87
225 291 87 87
284 23 146 146
150 72 67 67
243 77 96 96
378 523 140 140
326 862 112 112
509 1011 54 54
10_People_Marching_People_Marching_10_People_Marching_People_Marching_10_552.jpg
18
82 149 33 33
105 80 40 40
235 46 56 56
433 96 83 83
902 84 70 70
314 102 51 51
312 67 65 65
544 210 84 84
114 204 119 119
566 76 70 70
621 256 64 64
556 214 224 224
699 367 64 64
313 296 77 77
803 304 110 110
622 342 97 97
686 326 122 122
262 463 70 70
2_Demonstration_Political_Rally_2_187.jpg
16
394 93 372 372
412 369 265 265
655 667 64 64
586 739 44 44
57 881 43 43
374 671 219 219
594 718 56 56
226 1256 65 65
209 1290 57 57
343 1379 67 67
389 1188 99 99
703 1206 83 83
455 1193 93 93
537 1197 93 93
192 1245 93 93
186 1224 127 127
12_Group_Group_12_Group_Group_12_62.jpg
31
645 12 29 29
395 126 50 50
741 101 50 50
187 148 59 59
462 179 55 55
338 159 58 58
253 136 55 55
551 144 50 50
649 143 56 56
433 77 51 51
650 107 50 50
797 126 60 60
612 265 102 102
907 291 27 27
551 338 30 30
561 386 47 47
320 294 82 82
540 277 57 57
454 316 75 75
198 312 62 62
122 468 28 28
464 364 63 63
807 387 57 57
755 386 58 58
344 375 63 63
676 372 72 72
757 330 120 120
667 542 51 51
316 348 110 110
212 536 30 30
826 623 47 47
12_Group_Team_Organized_Group_12_Group_Team_Organized_Group_12_868.jpg
13
788 225 27 27
449 113 82 82
459 192 61 61
546 158 63 63
879 223 54 54
505 27 64 64
67 14 54 54
216 276 102 102
263 363 77 77
503 519 31 31
280 503 56 56
442 384 103 103
267 400 65 65
13_Interview_Interview_2_People_Visible_13_668.jpg
0
15_Stock_Market_Stock_Market_15_554.jpg
20
586 84 63 63
353 188 48 48
123 153 55 55
572 119 65 65
557 134 79 79
538 64 76 76
208 103 159 159
85 141 87 87
498 223 91 91
833 242 88 88
650 186 134 134
783 251 95 95
133 392 28 28
798 240 139 139
55 395 33 33
442 351 55 55
77 382 58 58
681 416 72 72
457 489 69 69
512 556 107 107
0_Parade_Parade_0_120.jpg
17
236 230 34 34
589 110 39 39
237 222 54 54
526 335 29 29
103 302 52 52
489 315 24 24
162 378 33 33
2 414 31 31
944 306 51 51
29 497 30 30
203 479 47 47
506 381 52 52
276 508 29 29
61 580 25 25
19 452 55 55
36 551 54 54
47 719 61 61
16_Award_Ceremony_Awards_Ceremony_16_134.jpg
23
346 431 28 28
652 579 38 38
361 620 47 47
345 703 56 56
366 738 62 62
370 704 60 60
255 700 80 80
556 782 93 93
337 870 47 47
411 243 170 170
668 386 162 162
16 274 171 171
778 1413 42 42
2 1147 47 47
946 1341 54 54
123 1258 57 57
908 1420 55 55
902 951 75 75
952 1413 68 68
77 1680 31 31
16 1626 36 36
362 1627 53 53
934 1616 72 72
12_Group_Large_Group_12_Group_Large_Group_12_849.jpg
7
714 310 27 27
634 355 56 56
198 452 51 51
319 521 57 57
638 609 59 59
534 582 60 60
544 600 116 116
10_People_Marching_People_Marching_2_40.jpg
44
514 87 25 25
401 159 31 31
93 93 24 24
227 90 29 29
261 117 34 34
679 99 25 25
780 207 30 30
138 80 28 28
56 231 29 29
355 236 32 32
96 90 32 32
936 247 50 50
151 207 68 68
661 205 45 45
4 193 56 56
498 250 50 50
684 250 50 50
840 248 50 50
593 200 66 66
16 98 73 73
39 115 77 77
254 320 27 27
986 365 29 29
107 281 45 45
714 272 62 62
649 318 63 63
918 370 41 41
447 371 56 56
849 317 57 57
712 371 55 55
781 457 52 52
961 352 61 61
97 499 51 51
375 490 56 56
777 412 65 65
631 267 79 79
712 264 100 100
837 448 66 66
474 368 137 137
315 409 131 131
788 432 87 87
694 571 56 56
23 558 91 91
805 511 97 97
2_Demonstration_Demonstrators_2_545.jpg
17
3 222 30 30
874 58 53 53
67 316 30 30
637 251 56 56
427 334 29 29
645 277 45 45
564 283 56 56
173 210 110 110
68 442 27 27
149 413 32 32
288 437 34 34
48 403 52 52
634 242 83 83
955 339 65 65
162 566 34 34
316 538 54 54
95 566 56 56
19_Couple_Couple_19_881.jpg
51
67 314 50 50
498 89 26 26
692 139 28 28
5 327 29 29
226 308 28 28
542 322 30 30
680 113 26 26
691 10 58 58
31 212 30 30
481 470 62 62
359 16 69 69
638 78 54 54
582 184 28 28
394 242 30 30
234 70 58 58
26 315 70 70
27 270 55 55
137 228 32 32
200 239 51 51
103 288 63 63
66 274 50 50
668 96 34 34
503 520 64 64
500 256 61 61
515 560 64 64
204 527 96 96
520 290 81 81
501 162 47 47
88 165 52 52
479 128 66 66
522 115 44 44
454 188 45 45
391 126 56 56
510 221 52 52
367 203 51 51
76 199 49 49
404 145 60 60
254 212 91 91
212 598 70 70
594 242 104 104
586 163 54 54
200 114 71 71
374 132 62 62
746 907 48 48
795 765 117 117
521 207 67 67
699 128 72 72
36 172 62 62
474 216 73 73
346 188 84 84
6 168 76 76
2_Demonstration_Political_Rally_2_365.jpg
13
57 160 54 54
195 148 58 58
815 55 162 162
95 134 90 90
893 245 78 78
122 338 30 30
687 284 81 81
203 376 61 61
896 302 84 84
229 467 81 81
453 304 88 88
62 488 70 70
246 527 63 63
13_Interview_Interview_Sequences_13_35.jpg
11
806 162 59 59
843 201 103 103
849 157 68 68
768 434 49 49
508 416 57 57
537 484 63 63
435 466 140 140
696 578 87 87
926 581 65 65
83 662 81 81
161 593 166 166
12_Group_Group_12_Group_Group_12_912.jpg
26
283 195 46 46
192 193 28 28
405 143 41 41
826 71 48 48
302 120 42 42
214 87 49 49
691 181 44 44
529 144 43 43
642 106 43 43
190 180 56 56
206 51 94 94
856 167 49 49
611 246 47 47
377 247 48 48
485 246 49 49
7 230 49 49
177 228 64 64
431 394 29 29
328 406 28 28
854 233 74 74
270 352 57 57
862 309 66 66
536 403 52 52
383 419 27 27
412 409 54 54
244 376 58 58
11_Meeting_Meeting_11_Meeting_Meeting_11_406.jpg
24
231 154 58 58
264 74 48 48
526 220 55 55
895 240 47 47
251 269 48 48
272 322 27 27
357 229 65 65
722 257 53 53
113 256 84 84
128 373 56 56
868 272 86 86
259 257 67 67
429 409 40 40
295 462 57 57
709 259 72 72
576 393 52 52
271 351 68 68
617 377 62 62
543 456 75 75
524 472 94 94
504 516 98 98
580 545 62 62
280 485 160 160
686 525 100 100
0_Parade_Parade_0_901.jpg
9
13 410 274 274
739 462 244 244
411 629 81 81
152 840 26 26
185 500 163 163
764 560 155 155
269 703 165 165
695 696 91 91
294 798 127 127
18_Concerts_Concerts_18_828.jpg
6
845 66 47 47
820 36 75 75
740 253 45 45
551 240 162 162
525 466 27 27
97 437 207 207
2_Demonstration_Protesters_2_905.jpg
13
751 118 31 31
263 143 66 66
487 433 27 27
668 399 59 59
673 457 35 35
868 434 43 43
869 405 52 52
484 453 47 47
244 477 57 57
979 651 30 30
551 646 49 49
70 704 26 26
59 707 24 24
18_Concerts_Concerts_18_258.jpg
6
852 201 34 34
72 227 43 43
133 258 42 42
610 303 85 85
316 400 65 65
586 389 112 112
17_Ceremony_Ceremony_17_211.jpg
10
550 241 39 39
585 239 48 48
216 214 51 51
680 223 49 49
758 208 55 55
831 158 67 67
165 387 26 26
581 370 54 54
382 374 60 60
911 438 76 76
12_Group_Group_12_Group_Group_12_522.jpg
30
719 156 51 51
299 233 45 45
394 230 43 43
332 173 39 39
487 249 50 50
595 263 47 47
681 229 48 48
790 286 45 45
720 297 49 49
261 294 48 48
369 304 44 44
882 292 52 52
107 226 55 55
184 230 49 49
698 155 58 58
357 407 48 48
502 392 51 51
652 400 50 50
466 566 25 25
771 416 92 92
210 675 30 30
241 677 30 30
290 704 29 29
717 691 66 66
351 598 60 60
83 606 59 59
316 671 61 61
856 690 60 60
622 618 64 64
4 660 68 68
2_Demonstration_Political_Rally_2_726.jpg
14
118 19 39 39
150 195 60 60
308 81 53 53
162 216 88 88
117 114 116 116
108 90 79 79
148 171 109 109
487 266 74 74
701 308 49 49
52 462 54 54
760 404 81 81
525 437 62 62
480 543 27 27
530 467 128 128
2_Demonstration_Protesters_2_559.jpg
18
340 122 30 30
819 110 58 58
878 158 76 76
500 255 83 83
202 107 75 75
586 245 114 114
821 106 81 81
741 118 77 77
812 263 68 68
568 362 73 73
212 371 100 100
369 339 112 112
443 460 63 63
875 453 59 59
56 428 108 108
336 552 96 96
409 659 36 36
612 474 130 130
13_Interview_Interview_2_People_Visible_13_381.jpg
3
373 213 197 197
371 110 174 174
402 381 178 178
18_Concerts_Concerts_18_252.jpg
22
714 616 27 27
489 173 67 67
512 300 57 57
797 321 56 56
684 531 55 55
647 545 44 44
482 231 122 122
627 536 44 44
846 472 82 82
565 546 55 55
640 594 48 48
684 591 57 57
522 917 54 54
510 502 82 82
82 743 44 44
635 529 57 57
634 679 56 56
894 601 62 62
407 610 65 65
513 573 94 94
508 642 140 140
592 784 55 55
13_Interview_Interview_On_Location_13_537.jpg
15
500 371 28 28
786 634 24 24
794 624 29 29
755 584 34 34
853 354 133 133
268 806 25 25
332 213 107 107
599 877 65 65
829 556 88 88
540 940 66 66
139 674 420 420
701 987 123 123
683 1185 67 67
684 1157 108 108
630 1096 131 131
2_Demonstration_Demonstrators_2_100.jpg
24
407 201 262 262
486 542 65 65
860 235 88 88
661 632 54 54
472 676 67 67
749 278 103 103
498 633 62 62
199 313 130 130
451 727 97 97
377 649 93 93
162 958 57 57
686 911 156 156
112 1054 38 38
424 682 186 186
757 951 68 68
102 1116 54 54
508 1147 47 47
202 949 76 76
236 1276 68 68
520 596 94 94
266 1462 51 51
140 948 133 133
376 1271 340 340
263 1470 65 65
0_Parade_marchingband_1_629.jpg
11
874 226 48 48
665 247 91 91
470 511 26 26
726 476 30 30
456 496 37 37
792 328 64 64
922 387 52 52
958 473 62 62
156 393 91 91
677 667 58 58
931 621 65 65
16_Award_Ceremony_Awards_Ceremony_16_116.jpg
11
786 340 28 28
683 191 40 40
584 44 62 62
562 186 98 98
383 189 148 148
704 258 64 64
75 501 85 85
40 486 103 103
31 736 52 52
156 713 75 75
368 1345 67 67
13_Interview_Interview_2_People_Visible_13_285.jpg
5
595 350 47 47
568 289 105 105
421 735 61 61
410 700 154 154
513 973 92 92
18_Concerts_Concerts_18_469.jpg
17
293 210 45 45
843 214 57 57
664 259 37 37
721 300 28 28
11 308 41 41
850 243 47 47
274 283 31 31
911 406 29 29
221 241 83 83
840 272 56 56
158 324 56 56
31 503 50 50
228 480 49 49
25 524 52 52
34 455 61 61
229 434 70 70
5 448 87 87
0_Parade_Parade_0_873.jpg
41
474 306 28 28
399 324 33 33
848 328 29 29
689 354 24 24
298 354 27 27
801 351 28 28
273 372 29 29
741 315 26 26
740 357 29 29
930 299 28 28
9 365 29 29
366 322 26 26
626 366 29 29
815 321 27 27
335 371 27 27
629 295 58 58
314 463 57 57
769 359 29 29
120 431 27 27
148 410 36 36
580 343 30 30
928 390 46 46
706 406 43 43
655 436 28 28
75 372 28 28
955 344 37 37
456 400 33 33
271 314 35 35
723 497 41 41
326 511 38 38
824 492 52 52
225 383 44 44
656 420 58 58
899 391 54 54
819 513 68 68
515 322 70 70
602 290 76 76
382 603 45 45
819 573 55 55
334 604 60 60
926 536 70 70
13_Interview_Interview_On_Location_13_190.jpg
5
280 231 53 53
789 411 55 55
898 367 63 63
812 375 94 94
788 393 75 75
10_People_Marching_People_Marching_10_People_Marching_People_Marching_10_848.jpg
15
714 100 56 56
648 183 37 37
756 111 87 87
357 200 49 49
840 181 60 60
399 202 66 66
242 212 55 55
754 144 140 140
666 376 27 27
751 183 89 89
564 162 196 196
9 201 89 89
418 306 62 62
605 432 71 71
409 564 51 51
2_Demonstration_Demonstrators_2_329.jpg
26
854 165 47 47
720 161 29 29
789 190 29 29
201 51 53 53
930 181 39 39
314 76 44 44
246 102 69 69
675 231 36 36
322 143 61 61
123 85 58 58
200 86 52 52
736 212 68 68
621 221 64 64
300 253 60 60
656 82 81 81
840 256 60 60
532 245 58 58
925 272 60 60
462 266 80 80
54 293 76 76
886 398 28 28
772 373 51 51
219 380 50 50
159 504 28 28
256 388 69 69
186 443 62 62
11_Meeting_Meeting_11_Meeting_Meeting_11_26.jpg
9
38 191 60 60
505 138 53 53
177 124 117 117
216 273 26 26
746 236 92 92
630 336 24 24
68 468 46 46
815 433 68 68
26 483 52 52
2_Demonstration_Protesters_2_748.jpg
13
745 251 28 28
400 218 29 29
506 253 44 44
36 286 60 60
925 246 82 82
499 150 165 165
852 312 59 59
221 283 82 82
574 205 78 78
487 360 85 85
218 341 84 84
321 589 67 67
697 394 119 119
2_Demonstration_Political_Rally_2_791.jpg
24
588 45 71 71
893 123 45 45
284 192 57 57
405 143 66 66
869 114 72 72
723 200 155 155
649 279 76 76
540 305 72 72
960 430 29 29
389 353 74 74
40 469 27 27
322 472 30 30
190 402 98 98
737 339 135 135
956 510 30 30
859 520 26 26
989 520 32 32
829 534 26 26
305 444 56 56
21 453 47 47
313 486 57 57
45 505 55 55
374 522 55 55
726 520 55 55
1_Handshaking_Handshaking_1_134.jpg
14
649 4 31 31
924 83 37 37
880 5 50 50
9 145 56 56
506 32 52 52
459 66 64 64
283 81 105 105
880 4 72 72
839 26 103 103
554 344 52 52
338 595 36 36
847 561 57 57
906 536 90 90
838 547 83 83
10_People_Marching_People_Marching_2_269.jpg
9
229 134 179 179
766 240 31 31
37 276 26 26
732 325 24 24
15 264 50 50
751 217 54 54
557 267 61 61
272 253 71 71
141 273 65 65
19_Couple_Couple_19_509.jpg
5
597 430 72 72
383 431 79 79
842 609 172 172
357 333 201 201
607 705 94 94
16_Award_Ceremony_Awards_Ceremony_16_85.jpg
9
334 25 82 82
536 23 111 111
407 238 57 57
161 192 61 61
265 246 57 57
818 266 61 61
518 243 56 56
675 238 66 66
340 539 30 30
13_Interview_Interview_Sequences_13_807.jpg
5
225 157 26 26
382 127 221 221
8 392 28 28
73 369 70 70
433 330 139 139
13_Interview_Interview_On_Location_13_912.jpg
4
575 158 26 26
253 399 467 467
642 284 52 52
393 868 215 215
1_Handshaking_Handshaking_1_733.jpg
6
477 223 58 58
452 212 83 83
772 183 124 124
505 174 261 261
784 112 115 115
436 536 99 99
19_Couple_Couple_19_1014.jpg
6
672 240 222 222
503 657 73 73
142 436 66 66
482 470 139 139
593 881 29 29
667 972 77 77
1_Handshaking_Handshaking_1_522.jpg
6
708 63 88 88
284 312 49 49
250 512 51 51
502 514 53 53
789 478 57 57
249 479 63 63
