2_Demonstration_Demonstrators_2_456.jpg
10
716 159 48 48
694 159 60 60
248 104 67 67
690 43 58 58
168 213 78 78
15 297 81 81
459 395 51 51
434 470 47 47
628 437 84 84
221 481 59 59
19_Couple_Couple_19_139.jpg
1
676 103 48 48
13_Interview_Interview_On_Location_13_166.jpg
1
367 168 303 303
14_Traffic_Traffic_14_504.jpg
1
780 242 45 45
2_Demonstration_Protesters_2_525.jpg
9
712 361 26 26
918 376 24 24
843 395 26 26
761 400 29 29
577 404 27 27
320 416 28 28
389 440 24 24
845 425 32 32
659 487 36 36
2_Demonstration_Political_Rally_2_90.jpg
2
439 148 115 115
497 489 122 122
12_Group_Team_Organized_Group_12_Group_Team_Organized_Group_12_235.jpg
4
192 403 220 220
427 581 65 65
68 774 45 45
182 1162 49 49
0_Parade_Parade_0_72.jpg
0
13_Interview_Interview_Sequences_13_31.jpg
2
833 33 61 61
640 276 165 165
0_Parade_Parade_0_850.jpg
4
943 290 28 28
627 292 30 30
248 315 25 25
485 301 27 27
2_Demonstration_Protesters_2_370.jpg
6
211 240 26 26
38 272 49 49
698 191 62 62
119 245 53 53
262 240 56 56
500 219 60 60
2_Demonstration_Demonstration_Or_Protest_2_430.jpg
2
105 247 58 58
43 476 53 53
18_Concerts_Concerts_18_1015.jpg
6
393 634 55 55
617 626 54 54
152 631 56 56
613 595 66 66
621 850 65 65
546 954 113 113
13_Interview_Interview_2_People_Visible_13_189.jpg
8
568 187 47 47
750 246 42 42
913 246 53 53
810 255 52 52
671 247 53 53
247 223 55 55
508 219 63 63
167 224 60 60
12_Group_Group_12_Group_Group_12_80.jpg
20
704 124 30 30
836 173 31 31
931 137 32 32
281 119 37 37
595 118 32 32
639 119 35 35
522 101 35 35
127 113 40 40
403 105 37 37
801 120 35 35
220 130 37 37
467 125 36 36
416 224 46 46
648 219 44 44
540 226 39 39
871 286 36 36
302 305 37 37
761 284 44 44
179 292 47 47
396 387 51 51
17_Ceremony_Ceremony_17_765.jpg
2
219 524 58 58
273 490 79 79
18_Concerts_Concerts_18_60.jpg
0
2_Demonstration_Demonstrators_2_700.jpg
0
12_Group_Team_Organized_Group_12_Group_Team_Organized_Group_12_583.jpg
9
144 46 33 33
424 72 64 64
391 175 26 26
828 175 28 28
663 194 30 30
825 224 37 37
903 34 38 38
523 277 56 56
808 271 67 67
2_Demonstration_Demonstrators_2_781.jpg
6
392 199 29 29
844 292 27 27
253 178 56 56
537 150 67 67
461 204 48 48
292 379 61 61
10_People_Marching_People_Marching_10_People_Marching_People_Marching_10_People_Marching_People_Marching_10_619.jpg
0
2_Demonstration_Political_Rally_2_763.jpg
7
738 218 56 56
666 190 66 66
432 200 60 60
791 249 85 85
527 156 85 85
552 132 60 60
534 463 153 153
0_Parade_Parade_0_478.jpg
1
726 477 62 62
2_Demonstration_Demonstrators_2_547.jpg
5
482 164 48 48
818 137 53 53
214 140 60 60
783 340 55 55
919 423 78 78
18_Concerts_Concerts_18_855.jpg
0
2_Demonstration_Demonstration_Or_Protest_2_619.jpg
2
107 156 95 95
351 314 38 38
19_Couple_Couple_19_548.jpg
3
617 129 168 168
261 158 196 196
15 640 62 62
19_Couple_Couple_19_910.jpg
8
410 112 27 27
954 90 60 60
299 266 398 398
764 681 106 106
67 530 151 151
775 743 143 143
788 939 55 55
756 916 81 81
2_Demonstration_Protesters_2_618.jpg
17
239 49 53 53
960 51 48 48
142 74 53 53
598 148 66 66
312 89 61 61
443 191 48 48
513 169 61 61
473 17 53 53
698 46 55 55
355 165 71 71
598 17 55 55
455 263 64 64
247 230 70 70
863 268 58 58
764 280 63 63
228 300 66 66
152 612 56 56
13_Interview_Interview_Sequences_13_691.jpg
0
0_Parade_Parade_0_266.jpg
2
85 295 61 61
191 541 30 30
13_Interview_Interview_On_Location_13_728.jpg
1
95 450 484 484
16_Award_Ceremony_Awards_Ceremony_16_270.jpg
3
203 897 85 85
687 1096 74 74
590 1177 60 60
2_Demonstration_Demonstration_Or_Protest_2_1.jpg
6
213 134 40 40
403 245 49 49
349 253 54 54
957 277 49 49
313 406 27 27
153 386 29 29
2_Demonstration_Protesters_2_204.jpg
5
398 10 79 79
600 194 95 95
402 311 85 85
873 445 60 60
784 545 61 61
0_Parade_Parade_0_353.jpg
2
815 119 44 44
363 330 24 24
11_Meeting_Meeting_11_Meeting_Meeting_11_807.jpg
2
549 30 54 54
319 465 28 28
1_Handshaking_Handshaking_1_457.jpg
2
241 162 560 560
928 676 66 66
1_Handshaking_Handshaking_1_380.jpg
0
1_Handshaking_Handshaking_1_275.jpg
1
437 296 190 190
12_Group_Group_12_Group_Group_12_935.jpg
5
820 91 28 28
532 12 79 79
770 603 26 26
250 631 26 26
549 667 27 27
13_Interview_Interview_Sequences_13_2.jpg
10
321 31 38 38
489 171 59 59
653 28 42 42
626 293 26 26
265 199 57 57
643 242 71 71
130 286 50 50
734 299 86 86
637 493 103 103
562 442 215 215
17_Ceremony_Ceremony_17_782.jpg
1
615 83 180 180
2_Demonstration_Political_Rally_2_335.jpg
47
11 29 28 28
337 60 26 26
613 80 33 33
243 98 31 31
238 177 34 34
876 151 37 37
938 116 36 36
574 60 32 32
34 227 32 32
662 62 33 33
324 105 36 36
474 177 33 33
233 230 39 39
854 109 36 36
358 231 36 36
441 156 35 35
728 78 37 37
605 162 39 39
649 112 58 58
751 176 41 41
103 264 55 55
58 130 50 50
173 260 53 53
159 184 58 58
863 146 59 59
634 220 66 66
402 264 56 56
268 267 55 55
830 297 38 38
274 324 55 55
207 285 55 55
443 378 49 49
695 316 61 61
472 296 51 51
374 335 55 55
303 325 63 63
820 486 55 55
268 429 62 62
666 416 65 65
326 434 57 57
888 344 60 60
12 525 30 30
329 420 87 87
839 487 57 57
347 503 71 71
775 567 79 79
237 551 76 76
2_Demonstration_Political_Rally_2_940.jpg
1
85 57 112 112
18_Concerts_Concerts_18_657.jpg
0
19_Couple_Couple_19_810.jpg
1
583 50 75 75
18_Concerts_Concerts_18_784.jpg
4
422 8 106 106
421 43 158 158
251 304 362 362
590 1056 220 220
13_Interview_Interview_On_Location_13_510.jpg
1
556 191 52 52
15_Stock_Market_Stock_Market_15_460.jpg
7
209 47 67 67
772 79 66 66
332 129 61 61
445 148 59 59
574 121 60 60
786 149 53 53
145 130 68 68
12_Group_Group_12_Group_Group_12_101.jpg
7
475 130 56 56
348 214 57 57
727 231 56 56
658 136 58 58
321 148 55 55
514 194 58 58
373 550 46 46
2_Demonstration_Political_Rally_2_382.jpg
4
962 88 56 56
221 26 78 78
437 412 111 111
378 518 144 144
10_People_Marching_People_Marching_10_People_Marching_People_Marching_10_552.jpg
3
435 109 74 74
311 71 61 61
685 328 127 127
2_Demonstration_Political_Rally_2_187.jpg
6
354 95 410 410
661 672 56 56
54 877 50 50
325 1383 64 64
223 1257 62 62
189 1231 119 119
12_Group_Group_12_Group_Group_12_62.jpg
16
645 14 28 28
740 97 55 55
550 145 49 49
396 127 50 50
187 148 60 60
254 136 53 53
461 179 56 56
339 159 58 58
800 126 58 58
647 142 58 58
609 259 108 108
316 285 94 94
196 310 70 70
758 383 60 60
446 294 90 90
443 326 86 86
12_Group_Team_Organized_Group_12_Group_Team_Organized_Group_12_868.jpg
3
449 113 82 82
503 390 50 50
668 482 65 65
13_Interview_Interview_2_People_Visible_13_668.jpg
0
15_Stock_Market_Stock_Market_15_554.jpg
5
586 95 45 45
532 54 91 91
493 216 100 100
442 351 59 59
782 232 150 150
0_Parade_Parade_0_120.jpg
4
104 305 49 49
948 309 47 47
525 334 32 32
160 377 34 34
16_Award_Ceremony_Awards_Ceremony_16_134.jpg
6
652 579 37 37
410 249 163 163
562 780 95 95
782 1416 39 39
341 858 68 68
365 1630 50 50
12_Group_Large_Group_12_Group_Large_Group_12_849.jpg
1
316 514 61 61
10_People_Marching_People_Marching_2_40.jpg
14
513 86 26 26
94 92 24 24
226 91 28 28
402 161 30 30
101 143 28 28
261 118 33 33
5 193 57 57
657 205 50 50
932 244 55 55
41 120 67 67
941 254 35 35
158 209 59 59
103 180 127 127
650 314 66 66
2_Demonstration_Demonstrators_2_545.jpg
1
635 252 56 56
19_Couple_Couple_19_881.jpg
3
216 302 40 40
510 267 51 51
601 247 92 92
2_Demonstration_Political_Rally_2_365.jpg
2
57 163 50 50
442 298 97 97
13_Interview_Interview_Sequences_13_35.jpg
2
537 479 65 65
427 498 121 121
12_Group_Group_12_Group_Group_12_912.jpg
12
825 70 51 51
282 194 47 47
405 141 42 42
304 120 41 41
212 84 54 54
529 140 47 47
696 181 46 46
486 248 46 46
614 248 43 43
375 247 50 50
246 396 27 27
863 312 60 60
11_Meeting_Meeting_11_Meeting_Meeting_11_406.jpg
6
528 214 63 63
272 324 26 26
110 251 91 91
865 268 93 93
127 373 57 57
503 518 98 98
0_Parade_Parade_0_901.jpg
2
285 712 130 130
268 698 197 197
18_Concerts_Concerts_18_828.jpg
1
850 70 41 41
2_Demonstration_Protesters_2_905.jpg
2
667 398 62 62
243 476 59 59
18_Concerts_Concerts_18_258.jpg
2
133 257 41 41
588 391 112 112
17_Ceremony_Ceremony_17_211.jpg
6
218 214 50 50
757 208 55 55
681 223 51 51
831 158 66 66
582 235 53 53
582 370 54 54
12_Group_Group_12_Group_Group_12_522.jpg
15
298 233 45 45
395 231 42 42
596 264 46 46
487 248 50 50
681 228 50 50
182 229 50 50
261 295 46 46
788 286 49 49
106 223 58 58
366 304 47 47
720 294 52 52
881 292 52 52
356 406 51 51
651 400 50 50
500 392 52 52
2_Demonstration_Political_Rally_2_726.jpg
2
104 104 137 137
522 465 142 142
2_Demonstration_Protesters_2_559.jpg
0
13_Interview_Interview_2_People_Visible_13_381.jpg
0
18_Concerts_Concerts_18_252.jpg
4
480 177 62 62
690 531 57 57
650 534 54 54
597 548 57 57
13_Interview_Interview_On_Location_13_537.jpg
3
350 237 61 61
600 880 64 64
542 941 64 64
2_Demonstration_Demonstrators_2_100.jpg
6
398 188 280 280
868 238 83 83
693 909 133 133
437 758 73 73
504 1145 50 50
240 1277 64 64
0_Parade_marchingband_1_629.jpg
0
16_Award_Ceremony_Awards_Ceremony_16_116.jpg
2
542 148 144 144
379 180 152 152
13_Interview_Interview_2_People_Visible_13_285.jpg
1
594 351 47 47
18_Concerts_Concerts_18_469.jpg
6
291 200 55 55
7 305 48 48
717 296 37 37
161 323 66 66
30 521 47 47
22 494 68 68
0_Parade_Parade_0_873.jpg
21
849 327 30 30
512 374 26 26
740 315 25 25
272 372 28 28
296 353 29 29
803 353 27 27
930 299 26 26
743 358 28 28
815 319 28 28
580 345 26 26
531 361 28 28
629 366 26 26
10 366 28 28
400 324 33 33
452 400 36 36
145 410 38 38
701 405 46 46
327 512 35 35
315 462 58 58
930 384 51 51
815 517 67 67
13_Interview_Interview_On_Location_13_190.jpg
2
279 232 52 52
837 394 62 62
10_People_Marching_People_Marching_10_People_Marching_People_Marching_10_848.jpg
0
2_Demonstration_Demonstrators_2_329.jpg
8
372 101 29 29
200 51 53 53
855 165 49 49
931 181 37 37
249 103 67 67
276 370 66 66
241 394 67 67
188 447 54 54
11_Meeting_Meeting_11_Meeting_Meeting_11_26.jpg
2
806 439 58 58
24 480 54 54
2_Demonstration_Protesters_2_748.jpg
2
489 362 91 91
320 593 66 66
2_Demonstration_Political_Rally_2_791.jpg
14
486 47 61 61
584 43 78 78
400 141 69 69
646 278 80 80
543 305 79 79
959 430 28 28
386 352 78 78
323 471 30 30
192 404 99 99
163 369 102 102
990 522 30 30
858 519 31 31
311 487 54 54
308 448 54 54
1_Handshaking_Handshaking_1_134.jpg
1
259 72 128 128
10_People_Marching_People_Marching_2_269.jpg
0
19_Couple_Couple_19_509.jpg
2
409 607 162 162
834 607 178 178
16_Award_Ceremony_Awards_Ceremony_16_85.jpg
7
330 26 86 86
162 192 61 61
407 239 56 56
518 241 59 59
818 259 75 75
677 243 60 60
265 245 59 59
13_Interview_Interview_Sequences_13_807.jpg
2
380 126 226 226
159 535 85 85
13_Interview_Interview_On_Location_13_912.jpg
1
247 405 472 472
1_Handshaking_Handshaking_1_733.jpg
1
764 165 144 144
19_Couple_Couple_19_1014.jpg
1
675 255 217 217
1_Handshaking_Handshaking_1_522.jpg
1
693 58 103 103
