ImageResources
203
63 85 32 32
409 789 71 71
207 86 27 27
229 56 35 35
469 4 27 27
986 33 29 29
420 47 28 28
154 8 26 26
983 129 26 26
987 165 27 27
943 230 47 47
986 98 27 27
239 217 25 25
404 92 27 27
802 10 28 28
322 11 29 29
87 265 26 26
313 50 30 30
295 19 25 25
496 264 25 25
573 265 26 26
986 69 27 27
349 175 32 32
974 264 26 26
991 257 27 27
495 186 25 25
132 226 26 26
807 186 25 25
499 29 24 24
821 263 44 44
826 37 26 26
442 189 25 25
487 193 26 26
466 267 26 26
483 309 25 25
928 301 28 28
545 236 39 39
886 67 27 27
90 104 25 25
187 199 28 28
785 315 44 44
772 98 27 27
548 75 33 33
828 199 25 25
412 102 27 27
264 198 29 29
448 326 24 24
105 119 24 24
354 113 28 28
461 339 27 27
153 16 34 34
34 276 28 28
294 172 26 26
825 43 33 33
818 298 28 28
304 4 39 39
470 10 40 40
984 121 26 26
441 288 25 25
325 83 27 27
287 26 56 56
24 123 31 31
401 22 68 68
970 143 33 33
238 304 25 25
423 14 100 100
876 86 39 39
822 359 30 30
388 366 24 24
505 364 26 26
835 372 25 25
515 370 27 27
846 374 27 27
533 383 25 25
70 399 28 28
880 134 54 54
804 371 37 37
96 335 60 60
16 310 91 91
650 208 110 110
66 440 24 24
933 429 47 47
13 439 27 27
927 414 28 28
944 460 26 26
451 461 25 25
1 470 25 25
433 485 26 26
96 524 30 30
324 508 24 24
492 510 27 27
470 513 26 26
429 412 35 35
528 446 32 32
4 560 26 26
259 569 27 27
642 522 32 32
714 577 25 25
820 619 28 28
632 656 28 28
319 585 26 26
625 670 26 26
79 626 27 27
111 683 26 26
577 692 26 26
290 714 26 26
164 692 25 25
107 573 31 31
887 744 26 26
76 736 27 27
784 656 26 26
324 556 30 30
286 587 29 29
885 674 48 48
930 475 57 57
933 466 83 83
820 606 40 40
297 768 24 24
217 793 25 25
292 794 31 31
837 801 26 26
112 815 26 26
479 829 27 27
78 858 24 24
589 856 27 27
88 866 26 26
100 873 25 25
356 847 29 29
12 863 30 30
9 966 32 32
218 972 24 24
118 936 24 24
886 887 24 24
604 952 26 26
996 1012 26 26
128 1010 28 28
769 952 26 26
619 957 25 25
995 956 25 25
378 1016 24 24
995 996 26 26
574 1003 26 26
326 1028 26 26
81 962 26 26
993 1022 25 25
996 1036 25 25
549 880 33 33
630 874 37 37
560 1052 25 25
98 960 31 31
7 1116 33 33
102 929 29 29
14 1004 29 29
96 1057 37 37
458 1020 33 33
115 1017 36 36
98 1127 36 36
1 980 52 52
482 999 50 50
671 1142 30 30
96 1109 24 24
117 1152 25 25
684 1153 26 26
228 1124 24 24
11 1153 27 27
713 1130 28 28
66 1166 26 26
440 1169 28 28
677 1160 29 29
99 1161 28 28
484 1165 28 28
667 1129 31 31
494 1285 25 25
356 1249 26 26
824 1291 25 25
727 1319 24 24
743 1300 26 26
781 1261 26 26
826 1307 24 24
675 1304 30 30
614 1266 24 24
2 1330 25 25
738 1308 28 28
927 1315 27 27
559 1214 27 27
804 1309 27 27
928 1334 26 26
138 1271 31 31
841 1274 30 30
985 1271 32 32
73 1342 26 26
3 1347 31 31
645 1243 32 32
356 1362 25 25
396 1358 24 24
927 1359 29 29
270 1364 25 25
289 1324 28 28
474 1357 29 29
96 1358 30 30
3 1130 57 57
796 1341 39 39
710 1166 53 53
