2_Demonstration_Demonstration_Or_Protest_2_487.jpg
12
165 106 405 405
43 465 40 40
467 537 64 64
316 744 509 509
697 1039 70 70
127 1082 66 66
580 1010 109 109
426 1078 133 133
777 1105 56 56
469 1256 108 108
595 1119 85 85
655 1088 301 301
12_Group_Team_Organized_Group_12_Group_Team_Organized_Group_12_67.jpg
6
399 78 88 88
848 133 110 110
891 130 114 114
821 143 95 95
570 234 167 167
164 356 66 66
0_Parade_Parade_0_288.jpg
3
508 101 53 53
336 359 32 32
796 458 28 28
12_Group_Group_12_Group_Group_12_315.jpg
11
393 288 50 50
270 314 37 37
518 312 42 42
197 316 35 35
328 321 39 39
607 321 53 53
715 322 54 54
814 328 57 57
256 501 24 24
724 445 61 61
603 683 76 76
11_Meeting_Meeting_11_Meeting_Meeting_11_644.jpg
5
939 310 44 44
242 375 38 38
608 466 32 32
628 506 49 49
141 474 124 124
2_Demonstration_Demonstration_Or_Protest_2_306.jpg
6
644 229 28 28
675 209 93 93
824 217 116 116
638 199 106 106
335 317 80 80
283 546 58 58
12_Group_Group_12_Group_Group_12_578.jpg
7
236 52 31 31
689 2 73 73
687 50 63 63
682 60 104 104
511 258 76 76
627 357 98 98
785 440 187 187
10_People_Marching_People_Marching_10_People_Marching_People_Marching_10_People_Marching_People_Marching_10_938.jpg
8
473 278 136 136
605 589 102 102
471 433 108 108
489 395 75 75
387 474 293 293
605 920 36 36
531 1041 65 65
499 1361 59 59
16_Award_Ceremony_Awards_Ceremony_16_317.jpg
4
210 104 51 51
839 114 54 54
355 514 59 59
267 635 31 31
12_Group_Group_12_Group_Group_12_253.jpg
7
289 11 117 117
142 34 120 120
769 42 116 116
463 180 109 109
743 287 43 43
726 168 138 138
377 387 72 72
16_Award_Ceremony_Awards_Ceremony_16_309.jpg
5
203 39 62 62
272 217 332 332
617 2 159 159
708 529 156 156
822 793 110 110
12_Group_Team_Organized_Group_12_Group_Team_Organized_Group_12_500.jpg
5
58 121 116 116
84 239 46 46
589 154 123 123
36 160 112 112
212 158 126 126
12_Group_Team_Organized_Group_12_Group_Team_Organized_Group_12_244.jpg
5
251 19 31 31
346 138 38 38
385 58 165 165
607 74 306 306
800 572 52 52
13_Interview_Interview_Sequences_13_778.jpg
4
404 183 283 283
148 714 407 407
165 974 48 48
498 1057 26 26
13_Interview_Interview_Sequences_13_691.jpg
3
238 70 464 464
858 214 47 47
885 487 34 34
2_Demonstration_Demonstration_Or_Protest_2_419.jpg
4
710 38 94 94
73 430 52 52
13 407 69 69
703 605 51 51
12_Group_Large_Group_12_Group_Large_Group_12_527.jpg
5
88 326 184 184
809 647 25 25
170 563 95 95
689 412 119 119
295 685 203 203
12_Group_Group_12_Group_Group_12_759.jpg
11
370 121 79 79
827 143 70 70
64 113 72 72
635 89 85 85
618 222 63 63
529 196 77 77
239 192 72 72
529 217 117 117
544 464 121 121
170 478 58 58
587 550 110 110
2_Demonstration_Protesters_2_912.jpg
6
475 72 150 150
588 87 131 131
391 194 102 102
505 333 37 37
148 434 27 27
707 418 49 49
2_Demonstration_Demonstration_Or_Protest_2_924.jpg
9
882 110 25 25
673 157 166 166
891 166 29 29
887 218 31 31
943 223 33 33
541 271 50 50
705 287 125 125
631 399 28 28
806 296 100 100
12_Group_Team_Organized_Group_12_Group_Team_Organized_Group_12_583.jpg
14
357 73 29 29
134 39 52 52
112 91 64 64
502 53 84 84
391 175 28 28
988 154 32 32
824 171 37 37
431 217 32 32
568 222 33 33
822 221 43 43
567 168 89 89
460 341 28 28
520 278 54 54
807 294 75 75
1_Handshaking_Handshaking_1_343.jpg
10
486 80 73 73
89 82 76 76
882 81 71 71
698 96 69 69
293 101 78 78
882 212 86 86
229 315 254 254
727 477 67 67
660 544 77 77
726 548 68 68
10_People_Marching_People_Marching_10_People_Marching_People_Marching_10_524.jpg
2
398 249 69 69
551 489 26 26
13_Interview_Interview_2_People_Visible_13_204.jpg
6
400 115 62 62
440 158 181 181
677 301 156 156
182 349 129 129
703 381 107 107
176 515 64 64
17_Ceremony_Ceremony_17_171.jpg
24
579 2 36 36
92 126 40 40
289 32 36 36
525 22 43 43
142 49 46 46
3 131 47 47
236 152 49 49
303 161 41 41
324 142 62 62
661 76 55 55
716 71 57 57
919 2 78 78
470 164 70 70
15 218 71 71
195 233 75 75
245 230 96 96
135 227 74 74
391 289 130 130
507 315 135 135
626 292 153 153
664 579 63 63
278 535 88 88
770 575 99 99
478 672 57 57
13_Interview_Interview_Sequences_13_3.jpg
3
161 57 446 446
958 232 64 64
6 335 64 64
2_Demonstration_Protesters_2_1033.jpg
3
118 50 96 96
821 246 60 60
856 444 53 53
16_Award_Ceremony_Awards_Ceremony_16_85.jpg
9
156 185 71 71
936 161 76 76
808 257 79 79
261 240 63 63
671 236 68 68
406 232 63 63
515 235 65 65
271 206 78 78
700 237 58 58
12_Group_Large_Group_12_Group_Large_Group_12_43.jpg
21
485 206 28 28
543 206 27 27
682 215 29 29
613 234 32 32
449 223 37 37
812 248 39 39
335 215 41 41
741 250 35 35
776 292 37 37
221 231 49 49
182 209 44 44
470 268 41 41
699 267 42 42
380 279 45 45
641 269 47 47
558 268 52 52
893 281 43 43
98 234 54 54
661 428 32 32
734 501 29 29
899 525 51 51
12_Group_Group_12_Group_Group_12_249.jpg
4
115 128 30 30
246 362 32 32
337 623 70 70
635 589 108 108
2_Demonstration_Demonstrators_2_567.jpg
5
177 73 58 58
515 63 58 58
671 23 85 85
546 55 73 73
346 412 29 29
17_Ceremony_Ceremony_17_218.jpg
41
722 303 32 32
50 310 44 44
181 312 39 39
562 333 30 30
288 318 42 42
638 324 33 33
151 364 49 49
820 325 37 37
514 330 33 33
5 366 49 49
919 348 41 41
543 429 45 45
248 380 46 46
358 405 51 51
866 374 38 38
487 399 43 43
761 361 35 35
851 421 46 46
961 421 42 42
627 437 39 39
700 422 46 46
802 464 34 34
36 418 45 45
461 459 38 38
189 432 57 57
358 435 51 51
757 464 55 55
323 484 45 45
937 484 45 45
635 473 59 59
64 457 54 54
328 518 33 33
767 507 36 36
238 496 63 63
884 505 56 56
41 515 56 56
132 553 51 51
508 523 57 57
765 525 46 46
384 529 53 53
350 683 66 66
10_People_Marching_People_Marching_10_People_Marching_People_Marching_10_People_Marching_People_Marching_10_933.jpg
10
696 66 92 92
812 127 139 139
525 8 79 79
658 16 106 106
726 204 35 35
668 175 62 62
727 185 71 71
824 151 83 83
506 306 76 76
533 363 27 27
12_Group_Large_Group_12_Group_Large_Group_12_212.jpg
8
283 350 54 54
280 365 97 97
672 375 101 101
461 720 96 96
359 697 100 100
81 805 79 79
81 1045 97 97
760 950 98 98
0_Parade_Parade_0_43.jpg
16
648 78 50 50
489 222 25 25
543 288 25 25
653 349 26 26
186 387 25 25
676 448 25 25
286 449 26 26
309 453 26 26
600 464 29 29
398 512 26 26
901 544 51 51
114 534 46 46
228 538 46 46
565 534 57 57
90 458 198 198
777 477 172 172
2_Demonstration_Political_Rally_2_611.jpg
4
793 224 50 50
142 160 214 214
401 656 31 31
306 722 62 62
15_Stock_Market_Stock_Market_15_313.jpg
8
711 111 25 25
609 140 54 54
23 193 59 59
947 172 66 66
786 259 73 73
406 441 26 26
847 323 130 130
213 329 94 94
2_Demonstration_Political_Rally_2_264.jpg
5
848 115 75 75
140 414 28 28
182 462 34 34
19 376 55 55
676 591 26 26
10_People_Marching_People_Marching_10_People_Marching_People_Marching_10_499.jpg
3
938 36 54 54
249 193 55 55
743 568 68 68
19_Couple_Couple_19_514.jpg
4
100 163 94 94
152 273 74 74
487 326 94 94
172 419 276 276
