17_Ceremony_Ceremony_17_218.jpg
38
721 302 33 33 1.0
561 334 31 31 1.0
637 324 34 34 1.0
182 313 37 37 1.0
288 318 43 43 1.0
919 348 41 41 1.0
820 326 36 36 1.0
543 430 44 44 1.0
50 311 45 45 1.0
866 374 38 38 1.0
486 399 43 43 1.0
247 380 48 48 1.0
628 438 37 37 1.0
513 329 34 34 1.0
4 365 49 49 1.0
761 361 35 35 1.0
851 421 46 46 1.0
358 405 51 51 1.0
36 419 45 45 1.0
961 421 43 43 1.0
149 363 51 51 1.0
699 422 45 45 1.0
190 432 56 56 1.0
802 464 34 34 1.0
362 438 45 45 1.0
461 459 39 39 1.0
757 463 56 56 1.0
322 483 47 47 1.0
937 484 44 44 1.0
239 496 62 62 1.0
636 473 58 58 1.0
42 514 56 56 1.0
764 523 48 48 1.0
384 528 54 54 1.0
509 523 56 56 1.0
883 505 58 58 1.0
130 553 52 52 1.0
353 681 67 67 1.0
