58_Hockey_icehockey_puck_58_340.jpg
33
[498, 122, 26, 26, 1.0]
[171, 136, 26, 26, 1.0]
[373, 134, 27, 27, 1.0]
[260, 135, 30, 30, 1.0]
[306, 137, 27, 27, 1.0]
[430, 134, 27, 27, 1.0]
[71, 139, 27, 27, 1.0]
[738, 141, 29, 29, 1.0]
[345, 145, 26, 26, 1.0]
[642, 145, 27, 27, 1.0]
[116, 146, 27, 27, 1.0]
[707, 146, 27, 27, 1.0]
[553, 149, 27, 27, 1.0]
[872, 151, 30, 30, 1.0]
[922, 160, 28, 28, 1.0]
[614, 163, 27, 27, 1.0]
[406, 164, 27, 27, 1.0]
[819, 157, 35, 35, 1.0]
[187, 161, 29, 29, 1.0]
[503, 172, 26, 26, 1.0]
[672, 171, 26, 26, 1.0]
[366, 183, 26, 26, 1.0]
[435, 183, 27, 27, 1.0]
[569, 185, 26, 26, 1.0]
[777, 186, 31, 31, 1.0]
[469, 196, 28, 28, 1.0]
[627, 199, 28, 28, 1.0]
[697, 204, 30, 30, 1.0]
[739, 204, 29, 29, 1.0]
[378, 209, 29, 29, 1.0]
[540, 214, 28, 28, 1.0]
[584, 218, 27, 27, 1.0]
[464, 259, 69, 69, 1.0]
