58_Hockey_icehockey_puck_58_1037.jpg
24
[415, 34, 32, 32, 1.0]
[623, 24, 36, 36, 1.0]
[299, 33, 33, 33, 1.0]
[189, 45, 34, 34, 1.0]
[512, 22, 38, 38, 1.0]
[735, 39, 32, 32, 1.0]
[45, 71, 41, 41, 1.0]
[826, 44, 33, 33, 1.0]
[132, 112, 44, 44, 1.0]
[663, 121, 36, 36, 1.0]
[911, 110, 43, 43, 1.0]
[232, 117, 38, 38, 1.0]
[449, 126, 37, 37, 1.0]
[553, 125, 38, 38, 1.0]
[778, 120, 47, 47, 1.0]
[345, 122, 42, 42, 1.0]
[348, 36, 315, 315, 1.0]
[144, 222, 40, 40, 1.0]
[468, 230, 38, 38, 1.0]
[808, 241, 33, 33, 1.0]
[248, 219, 48, 48, 1.0]
[362, 222, 40, 40, 1.0]
[702, 216, 46, 46, 1.0]
[596, 227, 43, 43, 1.0]
