58_Hockey_icehockey_puck_58_385.jpg
23
[488, 248, 25, 25, 1.0]
[420, 254, 24, 24, 1.0]
[632, 252, 27, 27, 1.0]
[837, 255, 27, 27, 1.0]
[32, 261, 26, 26, 1.0]
[450, 289, 27, 27, 1.0]
[970, 308, 25, 25, 1.0]
[90, 325, 27, 27, 1.0]
[612, 293, 26, 26, 1.0]
[31, 324, 28, 28, 1.0]
[530, 293, 29, 29, 1.0]
[161, 297, 26, 26, 1.0]
[236, 301, 28, 28, 1.0]
[908, 301, 26, 26, 1.0]
[275, 368, 27, 27, 1.0]
[489, 362, 27, 27, 1.0]
[893, 367, 26, 26, 1.0]
[206, 363, 29, 29, 1.0]
[124, 366, 25, 25, 1.0]
[343, 366, 26, 26, 1.0]
[417, 367, 26, 26, 1.0]
[570, 364, 28, 28, 1.0]
[652, 360, 26, 26, 1.0]
