58_Hockey_icehockey_puck_58_696.jpg
25
[430, 320, 27, 27, 1.0]
[544, 321, 26, 26, 1.0]
[192, 340, 27, 27, 1.0]
[262, 338, 28, 28, 1.0]
[828, 339, 28, 28, 1.0]
[150, 344, 26, 26, 1.0]
[885, 348, 26, 26, 1.0]
[373, 325, 26, 26, 1.0]
[594, 324, 28, 28, 1.0]
[324, 328, 27, 27, 1.0]
[647, 328, 27, 27, 1.0]
[701, 336, 29, 29, 1.0]
[764, 334, 24, 24, 1.0]
[904, 362, 29, 29, 1.0]
[733, 363, 28, 28, 1.0]
[643, 365, 28, 28, 1.0]
[79, 379, 28, 28, 1.0]
[169, 376, 29, 29, 1.0]
[415, 376, 29, 29, 1.0]
[333, 369, 28, 28, 1.0]
[561, 368, 30, 30, 1.0]
[815, 370, 29, 29, 1.0]
[245, 371, 28, 28, 1.0]
[491, 375, 29, 29, 1.0]
[958, 342, 51, 51, 1.0]
