58_Hockey_icehockey_puck_58_289.jpg
27
[340, 108, 32, 32, 1.0]
[906, 187, 48, 48, 1.0]
[524, 201, 36, 36, 1.0]
[327, 204, 38, 38, 1.0]
[267, 168, 58, 58, 1.0]
[527, 245, 41, 41, 1.0]
[892, 285, 28, 28, 1.0]
[81, 210, 40, 40, 1.0]
[604, 234, 39, 39, 1.0]
[809, 229, 46, 46, 1.0]
[117, 263, 45, 45, 1.0]
[462, 217, 40, 40, 1.0]
[857, 215, 43, 43, 1.0]
[175, 255, 47, 47, 1.0]
[687, 225, 36, 36, 1.0]
[706, 281, 47, 47, 1.0]
[741, 234, 48, 48, 1.0]
[803, 318, 48, 48, 1.0]
[234, 342, 51, 51, 1.0]
[620, 368, 50, 50, 1.0]
[408, 374, 44, 44, 1.0]
[708, 374, 48, 48, 1.0]
[127, 381, 49, 49, 1.0]
[315, 347, 51, 51, 1.0]
[561, 425, 53, 53, 1.0]
[360, 416, 101, 101, 1.0]
[359, 594, 82, 82, 1.0]
