58_Hockey_icehockey_puck_58_944.jpg
30
[698, 153, 26, 26, 1.0]
[489, 156, 26, 26, 1.0]
[527, 171, 26, 26, 1.0]
[208, 178, 24, 24, 1.0]
[293, 179, 24, 24, 1.0]
[368, 177, 27, 27, 1.0]
[746, 183, 26, 26, 1.0]
[670, 184, 25, 25, 1.0]
[450, 188, 26, 26, 1.0]
[215, 215, 26, 26, 1.0]
[804, 194, 28, 28, 1.0]
[143, 217, 27, 27, 1.0]
[490, 226, 25, 25, 1.0]
[580, 227, 25, 25, 1.0]
[648, 227, 25, 25, 1.0]
[421, 228, 25, 25, 1.0]
[884, 228, 26, 26, 1.0]
[273, 235, 28, 28, 1.0]
[692, 238, 25, 25, 1.0]
[832, 244, 24, 24, 1.0]
[308, 251, 26, 26, 1.0]
[709, 285, 27, 27, 1.0]
[352, 286, 26, 26, 1.0]
[775, 286, 26, 26, 1.0]
[207, 287, 28, 28, 1.0]
[568, 288, 26, 26, 1.0]
[286, 290, 28, 28, 1.0]
[852, 290, 29, 29, 1.0]
[499, 296, 26, 26, 1.0]
[643, 295, 26, 26, 1.0]
