58_Hockey_icehockey_puck_58_807.jpg
23
[658, 115, 48, 48, 1.0]
[728, 130, 39, 39, 1.0]
[252, 23, 46, 46, 1.0]
[633, 19, 48, 48, 1.0]
[61, 131, 39, 39, 1.0]
[794, 8, 36, 36, 1.0]
[894, 122, 37, 37, 1.0]
[384, 142, 53, 53, 1.0]
[242, 161, 47, 47, 1.0]
[542, 14, 50, 50, 1.0]
[604, 254, 45, 45, 1.0]
[543, 231, 56, 56, 1.0]
[358, 248, 56, 56, 1.0]
[593, 342, 38, 38, 1.0]
[106, 356, 52, 52, 1.0]
[315, 358, 48, 48, 1.0]
[467, 303, 117, 117, 1.0]
[96, 390, 54, 54, 1.0]
[608, 529, 54, 54, 1.0]
[649, 595, 54, 54, 1.0]
[545, 586, 53, 53, 1.0]
[840, 551, 54, 54, 1.0]
[595, 519, 85, 85, 1.0]
