58_Hockey_icehockey_puck_58_687.jpg
24
[424, 130, 29, 29, 1.0]
[489, 119, 29, 29, 1.0]
[623, 135, 29, 29, 1.0]
[561, 136, 31, 31, 1.0]
[359, 139, 30, 30, 1.0]
[677, 140, 29, 29, 1.0]
[284, 146, 25, 25, 1.0]
[150, 153, 30, 30, 1.0]
[865, 154, 28, 28, 1.0]
[932, 151, 28, 28, 1.0]
[740, 146, 28, 28, 1.0]
[210, 148, 30, 30, 1.0]
[802, 150, 28, 28, 1.0]
[247, 192, 32, 32, 1.0]
[415, 193, 34, 34, 1.0]
[333, 192, 30, 30, 1.0]
[748, 194, 33, 33, 1.0]
[914, 188, 31, 31, 1.0]
[824, 203, 28, 28, 1.0]
[499, 204, 31, 31, 1.0]
[85, 198, 31, 31, 1.0]
[670, 199, 30, 30, 1.0]
[584, 201, 31, 31, 1.0]
[167, 204, 33, 33, 1.0]
