58_Hockey_icehockey_puck_58_356.jpg
33
[309, 120, 26, 26, 1.0]
[377, 119, 25, 25, 1.0]
[873, 120, 29, 29, 1.0]
[169, 124, 25, 25, 1.0]
[677, 110, 26, 26, 1.0]
[601, 111, 27, 27, 1.0]
[450, 113, 27, 27, 1.0]
[528, 114, 24, 24, 1.0]
[238, 117, 25, 25, 1.0]
[476, 155, 27, 27, 1.0]
[775, 157, 28, 28, 1.0]
[839, 157, 28, 28, 1.0]
[401, 159, 26, 26, 1.0]
[551, 160, 25, 25, 1.0]
[620, 160, 26, 26, 1.0]
[699, 160, 25, 25, 1.0]
[253, 165, 24, 24, 1.0]
[326, 164, 26, 26, 1.0]
[75, 168, 25, 25, 1.0]
[177, 172, 26, 26, 1.0]
[898, 174, 27, 27, 1.0]
[422, 224, 28, 28, 1.0]
[656, 230, 30, 30, 1.0]
[581, 234, 27, 27, 1.0]
[92, 228, 27, 27, 1.0]
[914, 228, 26, 26, 1.0]
[268, 233, 25, 25, 1.0]
[828, 232, 26, 26, 1.0]
[744, 233, 26, 26, 1.0]
[177, 235, 28, 28, 1.0]
[339, 236, 27, 27, 1.0]
[40, 131, 96, 96, 1.0]
[508, 241, 26, 26, 1.0]
