58_Hockey_icehockey_puck_58_298.jpg
21
[211, 72, 41, 41, 1.0]
[947, 123, 41, 41, 1.0]
[677, 65, 38, 38, 1.0]
[147, 81, 42, 42, 1.0]
[749, 60, 46, 46, 1.0]
[43, 90, 47, 47, 1.0]
[323, 46, 45, 45, 1.0]
[3, 52, 47, 47, 1.0]
[515, 42, 43, 43, 1.0]
[879, 61, 43, 43, 1.0]
[980, 57, 43, 43, 1.0]
[421, 41, 47, 47, 1.0]
[606, 41, 45, 45, 1.0]
[317, 144, 42, 42, 1.0]
[810, 232, 44, 44, 1.0]
[486, 200, 45, 45, 1.0]
[381, 208, 43, 43, 1.0]
[653, 179, 50, 50, 1.0]
[135, 220, 38, 38, 1.0]
[95, 245, 38, 38, 1.0]
[676, 251, 53, 53, 1.0]
