58_Hockey_icehockey_puck_58_804.jpg
27
[549, 60, 34, 34, 1.0]
[455, 41, 34, 34, 1.0]
[86, 138, 39, 39, 1.0]
[163, 72, 34, 34, 1.0]
[356, 68, 36, 36, 1.0]
[651, 52, 40, 40, 1.0]
[758, 67, 33, 33, 1.0]
[253, 69, 35, 35, 1.0]
[467, 123, 36, 36, 1.0]
[679, 137, 32, 32, 1.0]
[752, 141, 35, 35, 1.0]
[609, 139, 33, 33, 1.0]
[384, 137, 36, 36, 1.0]
[235, 137, 40, 40, 1.0]
[302, 152, 39, 39, 1.0]
[35, 178, 43, 43, 1.0]
[160, 162, 40, 40, 1.0]
[541, 143, 44, 44, 1.0]
[273, 234, 39, 39, 1.0]
[778, 244, 34, 34, 1.0]
[570, 237, 41, 41, 1.0]
[467, 241, 36, 36, 1.0]
[925, 146, 55, 55, 1.0]
[373, 244, 36, 36, 1.0]
[682, 246, 39, 39, 1.0]
[144, 253, 43, 43, 1.0]
[69, 411, 63, 63, 1.0]
