58_Hockey_icehockey_puck_58_47.jpg
20
[302, 164, 36, 36, 1.0]
[647, 168, 33, 33, 1.0]
[397, 172, 31, 31, 1.0]
[557, 156, 34, 34, 1.0]
[817, 154, 38, 38, 1.0]
[745, 182, 32, 32, 1.0]
[236, 206, 30, 30, 1.0]
[92, 184, 35, 35, 1.0]
[474, 184, 33, 33, 1.0]
[177, 190, 34, 34, 1.0]
[899, 268, 36, 36, 1.0]
[552, 273, 40, 40, 1.0]
[658, 281, 36, 36, 1.0]
[71, 287, 38, 38, 1.0]
[322, 287, 45, 45, 1.0]
[748, 292, 34, 34, 1.0]
[196, 291, 40, 40, 1.0]
[449, 294, 36, 36, 1.0]
[562, 440, 36, 36, 1.0]
[665, 444, 46, 46, 1.0]
