58_Hockey_icehockey_puck_58_719.jpg
41
[32, 40, 25, 25, 1.0]
[88, 38, 25, 25, 1.0]
[725, 33, 25, 25, 1.0]
[550, 23, 26, 26, 1.0]
[424, 19, 25, 25, 1.0]
[783, 33, 24, 24, 1.0]
[616, 17, 25, 25, 1.0]
[349, 21, 25, 25, 1.0]
[487, 12, 25, 25, 1.0]
[283, 25, 26, 26, 1.0]
[897, 41, 27, 27, 1.0]
[219, 29, 26, 26, 1.0]
[950, 49, 26, 26, 1.0]
[845, 28, 25, 25, 1.0]
[151, 37, 26, 26, 1.0]
[144, 86, 26, 26, 1.0]
[385, 85, 26, 26, 1.0]
[592, 88, 26, 26, 1.0]
[657, 91, 26, 26, 1.0]
[514, 91, 28, 28, 1.0]
[263, 93, 25, 25, 1.0]
[442, 95, 25, 25, 1.0]
[721, 94, 26, 26, 1.0]
[324, 96, 25, 25, 1.0]
[784, 102, 25, 25, 1.0]
[833, 97, 27, 27, 1.0]
[897, 106, 26, 26, 1.0]
[53, 101, 26, 26, 1.0]
[964, 112, 28, 28, 1.0]
[187, 149, 26, 26, 1.0]
[578, 152, 27, 27, 1.0]
[105, 154, 27, 27, 1.0]
[442, 159, 26, 26, 1.0]
[512, 159, 25, 25, 1.0]
[643, 155, 26, 26, 1.0]
[859, 159, 26, 26, 1.0]
[708, 156, 27, 27, 1.0]
[502, 140, 48, 48, 1.0]
[253, 157, 27, 27, 1.0]
[317, 156, 26, 26, 1.0]
[381, 166, 26, 26, 1.0]
