58_Hockey_icehockey_puck_58_90.jpg
27
[841, 166, 30, 30, 1.0]
[101, 312, 26, 26, 1.0]
[196, 311, 26, 26, 1.0]
[832, 336, 25, 25, 1.0]
[258, 312, 27, 27, 1.0]
[572, 316, 27, 27, 1.0]
[727, 317, 26, 26, 1.0]
[52, 316, 30, 30, 1.0]
[378, 320, 26, 26, 1.0]
[616, 322, 26, 26, 1.0]
[779, 323, 25, 25, 1.0]
[934, 322, 25, 25, 1.0]
[320, 324, 27, 27, 1.0]
[452, 324, 26, 26, 1.0]
[668, 325, 26, 26, 1.0]
[885, 326, 31, 31, 1.0]
[276, 384, 26, 26, 1.0]
[358, 381, 27, 27, 1.0]
[614, 383, 26, 26, 1.0]
[211, 386, 26, 26, 1.0]
[679, 385, 27, 27, 1.0]
[422, 386, 27, 27, 1.0]
[750, 391, 26, 26, 1.0]
[148, 393, 27, 27, 1.0]
[828, 396, 26, 26, 1.0]
[492, 398, 26, 26, 1.0]
[177, 408, 74, 74, 1.0]
