58_Hockey_icehockey_puck_58_66.jpg
34
[684, 64, 25, 25, 1.0]
[801, 67, 26, 26, 1.0]
[26, 23, 26, 26, 1.0]
[339, 24, 25, 25, 1.0]
[400, 24, 28, 28, 1.0]
[318, 69, 25, 25, 1.0]
[602, 96, 26, 26, 1.0]
[764, 28, 25, 25, 1.0]
[792, 102, 24, 24, 1.0]
[737, 61, 26, 26, 1.0]
[895, 139, 24, 24, 1.0]
[557, 63, 26, 26, 1.0]
[578, 154, 27, 27, 1.0]
[808, 163, 27, 27, 1.0]
[443, 168, 27, 27, 1.0]
[644, 168, 27, 27, 1.0]
[749, 167, 26, 26, 1.0]
[355, 168, 27, 27, 1.0]
[506, 169, 26, 26, 1.0]
[245, 173, 25, 25, 1.0]
[869, 172, 26, 26, 1.0]
[306, 172, 29, 29, 1.0]
[405, 202, 26, 26, 1.0]
[610, 202, 24, 24, 1.0]
[808, 195, 26, 26, 1.0]
[683, 191, 28, 28, 1.0]
[597, 230, 28, 28, 1.0]
[217, 240, 26, 26, 1.0]
[682, 240, 26, 26, 1.0]
[523, 234, 26, 26, 1.0]
[281, 238, 25, 25, 1.0]
[191, 269, 29, 29, 1.0]
[317, 274, 27, 27, 1.0]
[729, 311, 57, 57, 1.0]
