58_Hockey_icehockey_puck_58_486.jpg
20
[522, 157, 47, 47, 1.0]
[624, 173, 37, 37, 1.0]
[726, 177, 33, 33, 1.0]
[456, 196, 33, 33, 1.0]
[253, 138, 125, 125, 1.0]
[428, 183, 35, 35, 1.0]
[324, 187, 35, 35, 1.0]
[275, 191, 39, 39, 1.0]
[882, 168, 48, 48, 1.0]
[207, 200, 51, 51, 1.0]
[376, 180, 44, 44, 1.0]
[762, 180, 44, 44, 1.0]
[85, 186, 40, 40, 1.0]
[97, 181, 53, 53, 1.0]
[545, 296, 45, 45, 1.0]
[364, 308, 36, 36, 1.0]
[689, 300, 44, 44, 1.0]
[840, 301, 51, 51, 1.0]
[237, 337, 49, 49, 1.0]
[421, 335, 48, 48, 1.0]
