47_Matador_Bullfighter_Matador_Bullfighter_47_351.jpg
35
[91, 19, 30, 30, 1.0]
[831, 88, 26, 26, 1.0]
[110, 54, 25, 25, 1.0]
[667, 129, 30, 30, 1.0]
[960, 120, 27, 27, 1.0]
[727, 132, 26, 26, 1.0]
[635, 56, 25, 25, 1.0]
[52, 59, 25, 25, 1.0]
[847, 10, 27, 27, 1.0]
[229, 62, 25, 25, 1.0]
[276, 61, 27, 27, 1.0]
[718, 17, 27, 27, 1.0]
[962, 159, 28, 28, 1.0]
[42, 166, 25, 25, 1.0]
[115, 166, 26, 26, 1.0]
[225, 171, 28, 28, 1.0]
[751, 72, 36, 36, 1.0]
[198, 97, 30, 30, 1.0]
[181, 26, 25, 25, 1.0]
[905, 170, 26, 26, 1.0]
[843, 164, 32, 32, 1.0]
[227, 220, 24, 24, 1.0]
[615, 243, 26, 26, 1.0]
[151, 227, 26, 26, 1.0]
[132, 252, 26, 26, 1.0]
[884, 236, 26, 26, 1.0]
[641, 285, 27, 27, 1.0]
[792, 284, 28, 28, 1.0]
[58, 291, 26, 26, 1.0]
[841, 279, 26, 26, 1.0]
[714, 283, 25, 25, 1.0]
[112, 286, 34, 34, 1.0]
[522, 349, 53, 53, 1.0]
[556, 580, 53, 53, 1.0]
[614, 577, 68, 68, 1.0]
