47_Matador_Bullfighter_matadorbullfighting_47_114.jpg
20
[386, 109, 27, 27, 1.0]
[388, 31, 26, 26, 1.0]
[52, 31, 27, 27, 1.0]
[816, 76, 26, 26, 1.0]
[31, 53, 27, 27, 1.0]
[450, 119, 26, 26, 1.0]
[764, 78, 26, 26, 1.0]
[275, 35, 25, 25, 1.0]
[321, 35, 26, 26, 1.0]
[152, 57, 25, 25, 1.0]
[357, 54, 28, 28, 1.0]
[231, 127, 26, 26, 1.0]
[579, 18, 27, 27, 1.0]
[517, 81, 27, 27, 1.0]
[315, 128, 26, 26, 1.0]
[175, 37, 26, 26, 1.0]
[635, 82, 25, 25, 1.0]
[936, 82, 25, 25, 1.0]
[124, 87, 49, 49, 1.0]
[284, 274, 30, 30, 1.0]
