46_Jockey_Jockey_46_66.jpg
25
[509, 132, 26, 26, 1.0]
[432, 62, 26, 26, 1.0]
[565, 121, 26, 26, 1.0]
[868, 107, 26, 26, 1.0]
[333, 154, 29, 29, 1.0]
[247, 157, 39, 39, 1.0]
[676, 132, 42, 42, 1.0]
[917, 93, 69, 69, 1.0]
[293, 171, 39, 39, 1.0]
[126, 151, 38, 38, 1.0]
[518, 167, 38, 38, 1.0]
[195, 160, 46, 46, 1.0]
[371, 161, 42, 42, 1.0]
[447, 151, 39, 39, 1.0]
[928, 150, 45, 45, 1.0]
[829, 153, 48, 48, 1.0]
[360, 256, 49, 49, 1.0]
[598, 142, 44, 44, 1.0]
[479, 226, 54, 54, 1.0]
[748, 144, 44, 44, 1.0]
[177, 234, 49, 49, 1.0]
[609, 230, 51, 51, 1.0]
[252, 241, 50, 50, 1.0]
[750, 236, 56, 56, 1.0]
[532, 457, 46, 46, 1.0]
