46_Jockey_Jockey_46_698.jpg
27
[324, 106, 25, 25, 1.0]
[706, 139, 24, 24, 1.0]
[656, 141, 25, 25, 1.0]
[18, 141, 26, 26, 1.0]
[241, 111, 65, 65, 1.0]
[372, 142, 27, 27, 1.0]
[867, 162, 32, 32, 1.0]
[684, 184, 32, 32, 1.0]
[310, 45, 51, 51, 1.0]
[774, 154, 38, 38, 1.0]
[588, 189, 32, 32, 1.0]
[320, 172, 37, 37, 1.0]
[200, 118, 136, 136, 1.0]
[424, 166, 37, 37, 1.0]
[709, 215, 40, 40, 1.0]
[507, 168, 36, 36, 1.0]
[219, 173, 44, 44, 1.0]
[825, 228, 43, 43, 1.0]
[606, 238, 46, 46, 1.0]
[176, 230, 51, 51, 1.0]
[485, 245, 44, 44, 1.0]
[75, 244, 49, 49, 1.0]
[918, 247, 45, 45, 1.0]
[371, 250, 44, 44, 1.0]
[278, 284, 47, 47, 1.0]
[56, 460, 29, 29, 1.0]
[471, 528, 28, 28, 1.0]
