2_Demonstration_Protesters_2_493.jpg
21
[488, 88, 26, 26, 1.0]
[863, 94, 28, 28, 1.0]
[253, 97, 28, 28, 1.0]
[65, 62, 27, 27, 1.0]
[159, 78, 27, 27, 1.0]
[335, 89, 30, 30, 1.0]
[29, 68, 28, 28, 1.0]
[374, 96, 31, 31, 1.0]
[90, 112, 33, 33, 1.0]
[310, 83, 30, 30, 1.0]
[273, 114, 36, 36, 1.0]
[719, 131, 46, 46, 1.0]
[552, 130, 46, 46, 1.0]
[765, 130, 47, 47, 1.0]
[386, 148, 48, 48, 1.0]
[452, 127, 51, 51, 1.0]
[650, 174, 50, 50, 1.0]
[639, 144, 74, 74, 1.0]
[915, 157, 52, 52, 1.0]
[422, 284, 26, 26, 1.0]
[110, 353, 98, 98, 1.0]
