2_Demonstration_Protesters_2_403.jpg
21
[232, 40, 47, 47, 1.0]
[269, 51, 51, 51, 1.0]
[275, 116, 54, 54, 1.0]
[613, 59, 46, 46, 1.0]
[499, 92, 49, 49, 1.0]
[118, 68, 53, 53, 1.0]
[343, 37, 59, 59, 1.0]
[57, 107, 49, 49, 1.0]
[849, 42, 53, 53, 1.0]
[746, 97, 55, 55, 1.0]
[542, 92, 57, 57, 1.0]
[443, 79, 61, 61, 1.0]
[596, 361, 27, 27, 1.0]
[670, 200, 75, 75, 1.0]
[509, 263, 49, 49, 1.0]
[371, 280, 74, 74, 1.0]
[44, 421, 72, 72, 1.0]
[55, 453, 57, 57, 1.0]
[56, 481, 110, 110, 1.0]
[521, 482, 170, 170, 1.0]
[431, 697, 60, 60, 1.0]
