2_Demonstration_Demonstration_Or_Protest_2_284.jpg
20
[48, 1, 57, 57, 1.0]
[499, 103, 73, 73, 1.0]
[180, 124, 98, 98, 1.0]
[105, 189, 53, 53, 1.0]
[372, 172, 56, 56, 1.0]
[415, 194, 50, 50, 1.0]
[267, 183, 57, 57, 1.0]
[820, 151, 120, 120, 1.0]
[513, 159, 65, 65, 1.0]
[495, 161, 63, 63, 1.0]
[587, 198, 114, 114, 1.0]
[742, 164, 105, 105, 1.0]
[226, 359, 49, 49, 1.0]
[239, 423, 38, 38, 1.0]
[184, 436, 28, 28, 1.0]
[694, 395, 47, 47, 1.0]
[646, 456, 56, 56, 1.0]
[696, 468, 49, 49, 1.0]
[662, 537, 54, 54, 1.0]
[623, 544, 49, 49, 1.0]
