2_Demonstration_Protesters_2_620.jpg
32
[406, 19, 28, 28, 1.0]
[957, 102, 34, 34, 1.0]
[932, 28, 31, 31, 1.0]
[794, 124, 36, 36, 1.0]
[361, 49, 36, 36, 1.0]
[854, 26, 31, 31, 1.0]
[452, 72, 34, 34, 1.0]
[634, 136, 39, 39, 1.0]
[927, 141, 37, 37, 1.0]
[106, 184, 30, 30, 1.0]
[46, 180, 52, 52, 1.0]
[286, 191, 44, 44, 1.0]
[10, 195, 41, 41, 1.0]
[782, 213, 50, 50, 1.0]
[188, 242, 53, 53, 1.0]
[75, 237, 58, 58, 1.0]
[247, 294, 59, 59, 1.0]
[873, 311, 54, 54, 1.0]
[653, 321, 58, 58, 1.0]
[735, 272, 58, 58, 1.0]
[695, 365, 61, 61, 1.0]
[296, 301, 64, 64, 1.0]
[790, 309, 61, 61, 1.0]
[318, 342, 69, 69, 1.0]
[117, 369, 59, 59, 1.0]
[6, 384, 63, 63, 1.0]
[452, 386, 64, 64, 1.0]
[168, 377, 59, 59, 1.0]
[612, 389, 74, 74, 1.0]
[776, 389, 75, 75, 1.0]
[834, 443, 63, 63, 1.0]
[388, 448, 63, 63, 1.0]
