2_Demonstration_Political_Rally_2_606.jpg
23
[840, 61, 30, 30, 1.0]
[842, 117, 28, 28, 1.0]
[891, 122, 43, 43, 1.0]
[521, 56, 35, 35, 1.0]
[931, 6, 57, 57, 1.0]
[779, 75, 51, 51, 1.0]
[559, 148, 34, 34, 1.0]
[13, 56, 54, 54, 1.0]
[528, 204, 44, 44, 1.0]
[917, 220, 29, 29, 1.0]
[787, 156, 36, 36, 1.0]
[594, 193, 38, 38, 1.0]
[667, 175, 55, 55, 1.0]
[519, 236, 30, 30, 1.0]
[441, 239, 52, 52, 1.0]
[158, 323, 34, 34, 1.0]
[336, 367, 54, 54, 1.0]
[141, 452, 32, 32, 1.0]
[892, 424, 47, 47, 1.0]
[804, 443, 43, 43, 1.0]
[948, 485, 32, 32, 1.0]
[339, 506, 35, 35, 1.0]
[705, 449, 62, 62, 1.0]
