2_Demonstration_Protesters_2_45.jpg
23
[270, 116, 27, 27, 1.0]
[4, 241, 27, 27, 1.0]
[852, 278, 27, 27, 1.0]
[74, 279, 29, 29, 1.0]
[916, 282, 28, 28, 1.0]
[245, 299, 30, 30, 1.0]
[702, 325, 31, 31, 1.0]
[162, 325, 37, 37, 1.0]
[483, 242, 47, 47, 1.0]
[620, 307, 31, 31, 1.0]
[90, 314, 46, 46, 1.0]
[47, 322, 38, 38, 1.0]
[851, 325, 38, 38, 1.0]
[885, 193, 84, 84, 1.0]
[475, 310, 34, 34, 1.0]
[324, 292, 44, 44, 1.0]
[388, 297, 36, 36, 1.0]
[518, 362, 57, 57, 1.0]
[937, 312, 63, 63, 1.0]
[190, 389, 140, 140, 1.0]
[571, 426, 56, 56, 1.0]
[356, 425, 66, 66, 1.0]
[582, 587, 49, 49, 1.0]
