2_Demonstration_Demonstration_Or_Protest_2_590.jpg
56
[644, 72, 25, 25, 1.0]
[177, 121, 27, 27, 1.0]
[437, 123, 25, 25, 1.0]
[577, 147, 26, 26, 1.0]
[831, 150, 27, 27, 1.0]
[898, 148, 28, 28, 1.0]
[951, 85, 26, 26, 1.0]
[851, 108, 25, 25, 1.0]
[726, 155, 25, 25, 1.0]
[704, 88, 25, 25, 1.0]
[767, 109, 26, 26, 1.0]
[458, 160, 26, 26, 1.0]
[66, 138, 26, 26, 1.0]
[960, 158, 30, 30, 1.0]
[244, 70, 30, 30, 1.0]
[983, 164, 26, 26, 1.0]
[50, 117, 25, 25, 1.0]
[394, 116, 25, 25, 1.0]
[530, 115, 26, 26, 1.0]
[906, 115, 26, 26, 1.0]
[909, 40, 26, 26, 1.0]
[888, 170, 29, 29, 1.0]
[738, 187, 29, 29, 1.0]
[143, 91, 63, 63, 1.0]
[500, 126, 68, 68, 1.0]
[215, 195, 25, 25, 1.0]
[23, 202, 28, 28, 1.0]
[583, 216, 30, 30, 1.0]
[701, 221, 27, 27, 1.0]
[458, 132, 173, 173, 1.0]
[69, 243, 27, 27, 1.0]
[128, 255, 30, 30, 1.0]
[742, 282, 28, 28, 1.0]
[226, 302, 25, 25, 1.0]
[828, 298, 34, 34, 1.0]
[32, 323, 34, 34, 1.0]
[379, 331, 39, 39, 1.0]
[948, 331, 34, 34, 1.0]
[865, 359, 30, 30, 1.0]
[308, 340, 31, 31, 1.0]
[117, 375, 36, 36, 1.0]
[271, 450, 34, 34, 1.0]
[748, 452, 35, 35, 1.0]
[247, 423, 29, 29, 1.0]
[23, 385, 43, 43, 1.0]
[604, 393, 33, 33, 1.0]
[421, 401, 45, 45, 1.0]
[484, 429, 46, 46, 1.0]
[857, 466, 48, 48, 1.0]
[654, 440, 38, 38, 1.0]
[75, 471, 45, 45, 1.0]
[444, 390, 89, 89, 1.0]
[428, 523, 44, 44, 1.0]
[568, 489, 251, 251, 1.0]
[952, 606, 42, 42, 1.0]
[263, 648, 45, 45, 1.0]
