2_Demonstration_Demonstrators_2_608.jpg
23
[81, 60, 26, 26, 1.0]
[173, 77, 28, 28, 1.0]
[34, 98, 29, 29, 1.0]
[212, 78, 28, 28, 1.0]
[321, 81, 29, 29, 1.0]
[45, 66, 28, 28, 1.0]
[278, 71, 29, 29, 1.0]
[347, 87, 30, 30, 1.0]
[490, 57, 26, 26, 1.0]
[529, 114, 33, 33, 1.0]
[106, 109, 32, 32, 1.0]
[865, 93, 27, 27, 1.0]
[266, 96, 27, 27, 1.0]
[285, 111, 35, 35, 1.0]
[384, 93, 33, 33, 1.0]
[462, 126, 48, 48, 1.0]
[559, 127, 46, 46, 1.0]
[721, 126, 50, 50, 1.0]
[770, 127, 46, 46, 1.0]
[397, 144, 49, 49, 1.0]
[918, 154, 50, 50, 1.0]
[656, 170, 52, 52, 1.0]
[123, 343, 102, 102, 1.0]
