2_Demonstration_Political_Rally_2_790.jpg
24
[117, 140, 35, 35, 1.0]
[498, 315, 52, 52, 1.0]
[510, 409, 28, 28, 1.0]
[795, 163, 60, 60, 1.0]
[95, 501, 33, 33, 1.0]
[361, 651, 27, 27, 1.0]
[114, 663, 25, 25, 1.0]
[378, 616, 58, 58, 1.0]
[685, 825, 25, 25, 1.0]
[727, 889, 26, 26, 1.0]
[468, 893, 25, 25, 1.0]
[550, 909, 51, 51, 1.0]
[163, 1046, 26, 26, 1.0]
[271, 1051, 28, 28, 1.0]
[473, 1125, 29, 29, 1.0]
[517, 1192, 28, 28, 1.0]
[166, 1202, 26, 26, 1.0]
[843, 1217, 26, 26, 1.0]
[596, 1177, 42, 42, 1.0]
[710, 1223, 35, 35, 1.0]
[515, 1109, 163, 163, 1.0]
[178, 1400, 31, 31, 1.0]
[600, 1332, 31, 31, 1.0]
[463, 1401, 30, 30, 1.0]
