2_Demonstration_Demonstration_Or_Protest_2_16.jpg
21
[648, 114, 28, 28, 1.0]
[337, 288, 36, 36, 1.0]
[376, 296, 42, 42, 1.0]
[574, 301, 35, 35, 1.0]
[415, 277, 49, 49, 1.0]
[176, 312, 45, 45, 1.0]
[499, 312, 47, 47, 1.0]
[261, 313, 43, 43, 1.0]
[301, 310, 48, 48, 1.0]
[210, 358, 34, 34, 1.0]
[121, 345, 38, 38, 1.0]
[92, 349, 35, 35, 1.0]
[622, 284, 61, 61, 1.0]
[25, 370, 50, 50, 1.0]
[669, 306, 55, 55, 1.0]
[472, 530, 35, 35, 1.0]
[553, 508, 39, 39, 1.0]
[185, 523, 49, 49, 1.0]
[744, 503, 62, 62, 1.0]
[27, 597, 158, 158, 1.0]
[325, 664, 28, 28, 1.0]
