2_Demonstration_Demonstrators_2_1.jpg
35
[652, 184, 28, 28, 1.0]
[454, 195, 26, 26, 1.0]
[290, 197, 27, 27, 1.0]
[334, 200, 25, 25, 1.0]
[556, 214, 26, 26, 1.0]
[51, 217, 26, 26, 1.0]
[112, 232, 29, 29, 1.0]
[909, 219, 28, 28, 1.0]
[272, 225, 25, 25, 1.0]
[23, 235, 30, 30, 1.0]
[525, 246, 26, 26, 1.0]
[670, 252, 27, 27, 1.0]
[557, 270, 29, 29, 1.0]
[235, 239, 33, 33, 1.0]
[33, 291, 32, 32, 1.0]
[64, 253, 38, 38, 1.0]
[97, 302, 33, 33, 1.0]
[382, 274, 32, 32, 1.0]
[579, 282, 32, 32, 1.0]
[845, 311, 33, 33, 1.0]
[171, 322, 33, 33, 1.0]
[497, 296, 48, 48, 1.0]
[283, 347, 49, 49, 1.0]
[883, 297, 56, 56, 1.0]
[140, 357, 70, 70, 1.0]
[984, 404, 39, 39, 1.0]
[666, 384, 48, 48, 1.0]
[816, 367, 58, 58, 1.0]
[237, 395, 70, 70, 1.0]
[694, 461, 50, 50, 1.0]
[154, 445, 60, 60, 1.0]
[904, 486, 51, 51, 1.0]
[453, 502, 61, 61, 1.0]
[610, 495, 74, 74, 1.0]
[819, 504, 64, 64, 1.0]
