2_Demonstration_Demonstration_Or_Protest_2_269.jpg
20
[201, 57, 57, 57, 1.0]
[197, 274, 45, 45, 1.0]
[937, 189, 64, 64, 1.0]
[0, 343, 25, 25, 1.0]
[990, 366, 24, 24, 1.0]
[960, 378, 28, 28, 1.0]
[634, 394, 27, 27, 1.0]
[190, 394, 28, 28, 1.0]
[537, 395, 27, 27, 1.0]
[440, 411, 26, 26, 1.0]
[762, 402, 25, 25, 1.0]
[868, 452, 30, 30, 1.0]
[746, 439, 29, 29, 1.0]
[466, 432, 35, 35, 1.0]
[529, 477, 44, 44, 1.0]
[135, 494, 32, 32, 1.0]
[519, 430, 30, 30, 1.0]
[419, 402, 52, 52, 1.0]
[497, 546, 51, 51, 1.0]
[677, 604, 54, 54, 1.0]
