2_Demonstration_Political_Rally_2_688.jpg
19
[844, 201, 26, 26, 1.0]
[948, 176, 25, 25, 1.0]
[832, 239, 25, 25, 1.0]
[555, 252, 26, 26, 1.0]
[134, 253, 26, 26, 1.0]
[428, 264, 24, 24, 1.0]
[523, 304, 25, 25, 1.0]
[635, 314, 26, 26, 1.0]
[742, 325, 28, 28, 1.0]
[956, 373, 27, 27, 1.0]
[789, 335, 26, 26, 1.0]
[842, 335, 27, 27, 1.0]
[672, 380, 25, 25, 1.0]
[477, 383, 25, 25, 1.0]
[501, 455, 27, 27, 1.0]
[708, 440, 26, 26, 1.0]
[570, 429, 24, 24, 1.0]
[619, 466, 28, 28, 1.0]
[826, 547, 27, 27, 1.0]
