2_Demonstration_Political_Rally_2_52.jpg
23
[973, 46, 36, 36, 1.0]
[771, 51, 58, 58, 1.0]
[145, 70, 72, 72, 1.0]
[160, 218, 27, 27, 1.0]
[292, 202, 31, 31, 1.0]
[321, 190, 28, 28, 1.0]
[419, 225, 33, 33, 1.0]
[524, 210, 31, 31, 1.0]
[925, 251, 31, 31, 1.0]
[817, 250, 40, 40, 1.0]
[22, 252, 30, 30, 1.0]
[549, 286, 32, 32, 1.0]
[280, 254, 37, 37, 1.0]
[127, 268, 35, 35, 1.0]
[320, 272, 34, 34, 1.0]
[634, 296, 35, 35, 1.0]
[701, 340, 32, 32, 1.0]
[408, 354, 32, 32, 1.0]
[609, 337, 40, 40, 1.0]
[86, 358, 40, 40, 1.0]
[955, 488, 33, 33, 1.0]
[802, 480, 38, 38, 1.0]
[656, 523, 51, 51, 1.0]
