2_Demonstration_Demonstration_Or_Protest_2_58.jpg
21
[313, 123, 33, 33, 1.0]
[145, 157, 39, 39, 1.0]
[448, 25, 79, 79, 1.0]
[834, 171, 38, 38, 1.0]
[333, 178, 44, 44, 1.0]
[587, 170, 43, 43, 1.0]
[684, 198, 65, 65, 1.0]
[863, 242, 44, 44, 1.0]
[156, 232, 51, 51, 1.0]
[514, 231, 56, 56, 1.0]
[698, 248, 52, 52, 1.0]
[242, 239, 59, 59, 1.0]
[762, 272, 56, 56, 1.0]
[445, 312, 67, 67, 1.0]
[644, 316, 56, 56, 1.0]
[155, 298, 65, 65, 1.0]
[296, 298, 65, 65, 1.0]
[958, 283, 59, 59, 1.0]
[271, 386, 78, 78, 1.0]
[775, 441, 77, 77, 1.0]
[139, 514, 72, 72, 1.0]
