2_Demonstration_Political_Rally_2_429.jpg
28
[876, 247, 27, 27, 1.0]
[746, 258, 25, 25, 1.0]
[976, 268, 25, 25, 1.0]
[833, 294, 30, 30, 1.0]
[498, 316, 26, 26, 1.0]
[784, 319, 29, 29, 1.0]
[744, 322, 26, 26, 1.0]
[135, 325, 29, 29, 1.0]
[566, 329, 30, 30, 1.0]
[509, 372, 31, 31, 1.0]
[829, 358, 29, 29, 1.0]
[195, 350, 31, 31, 1.0]
[599, 351, 34, 34, 1.0]
[589, 415, 33, 33, 1.0]
[815, 391, 36, 36, 1.0]
[871, 444, 30, 30, 1.0]
[768, 425, 35, 35, 1.0]
[318, 380, 36, 36, 1.0]
[362, 428, 34, 34, 1.0]
[893, 440, 44, 44, 1.0]
[496, 412, 41, 41, 1.0]
[963, 422, 38, 38, 1.0]
[475, 326, 59, 59, 1.0]
[644, 560, 47, 47, 1.0]
[835, 565, 51, 51, 1.0]
[283, 603, 54, 54, 1.0]
[485, 608, 62, 62, 1.0]
[748, 558, 53, 53, 1.0]
