2_Demonstration_Protesters_2_750.jpg
23
[766, 60, 77, 77, 1.0]
[463, 343, 24, 24, 1.0]
[68, 352, 27, 27, 1.0]
[612, 373, 26, 26, 1.0]
[406, 383, 26, 26, 1.0]
[341, 388, 24, 24, 1.0]
[387, 401, 28, 28, 1.0]
[458, 386, 27, 27, 1.0]
[428, 416, 26, 26, 1.0]
[498, 403, 27, 27, 1.0]
[295, 407, 27, 27, 1.0]
[816, 406, 28, 28, 1.0]
[907, 425, 26, 26, 1.0]
[224, 427, 26, 26, 1.0]
[208, 425, 34, 34, 1.0]
[841, 433, 27, 27, 1.0]
[499, 436, 29, 29, 1.0]
[586, 397, 32, 32, 1.0]
[13, 374, 31, 31, 1.0]
[681, 457, 29, 29, 1.0]
[887, 458, 28, 28, 1.0]
[677, 487, 38, 38, 1.0]
[903, 509, 29, 29, 1.0]
