2_Demonstration_Protesters_2_86.jpg
28
443 266 26 26 1.0
563 286 26 26 1.0
272 290 27 27 1.0
654 278 26 26 1.0
20 297 28 28 1.0
117 296 27 27 1.0
326 299 27 27 1.0
448 299 26 26 1.0
761 299 29 29 1.0
400 300 27 27 1.0
532 301 26 26 1.0
65 311 34 34 1.0
980 305 26 26 1.0
182 315 28 28 1.0
489 316 33 33 1.0
809 321 32 32 1.0
600 329 31 31 1.0
216 332 28 28 1.0
114 338 33 33 1.0
280 334 34 34 1.0
732 341 35 35 1.0
972 355 34 34 1.0
316 367 37 37 1.0
178 373 40 40 1.0
458 373 41 41 1.0
807 425 40 40 1.0
538 445 50 50 1.0
354 476 53 53 1.0
