2_Demonstration_Protesters_2_531.jpg
21
[616, 196, 61, 61, 1.0]
[735, 328, 24, 24, 1.0]
[603, 327, 24, 24, 1.0]
[140, 406, 25, 25, 1.0]
[343, 412, 24, 24, 1.0]
[616, 434, 25, 25, 1.0]
[976, 433, 26, 26, 1.0]
[640, 477, 26, 26, 1.0]
[463, 480, 26, 26, 1.0]
[584, 492, 25, 25, 1.0]
[113, 509, 25, 25, 1.0]
[170, 510, 25, 25, 1.0]
[450, 508, 27, 27, 1.0]
[408, 522, 29, 29, 1.0]
[76, 378, 77, 77, 1.0]
[121, 539, 27, 27, 1.0]
[926, 540, 28, 28, 1.0]
[740, 539, 31, 31, 1.0]
[12, 567, 26, 26, 1.0]
[361, 583, 26, 26, 1.0]
[158, 641, 27, 27, 1.0]
