2_Demonstration_Demonstrators_2_276.jpg
33
[529, 155, 26, 26, 1.0]
[326, 164, 28, 28, 1.0]
[359, 168, 27, 27, 1.0]
[975, 168, 24, 24, 1.0]
[118, 173, 26, 26, 1.0]
[393, 196, 30, 30, 1.0]
[572, 175, 30, 30, 1.0]
[134, 210, 28, 28, 1.0]
[312, 184, 29, 29, 1.0]
[424, 189, 26, 26, 1.0]
[160, 191, 27, 27, 1.0]
[55, 206, 28, 28, 1.0]
[590, 222, 26, 26, 1.0]
[307, 226, 28, 28, 1.0]
[532, 231, 29, 29, 1.0]
[499, 224, 32, 32, 1.0]
[699, 213, 36, 36, 1.0]
[473, 232, 41, 41, 1.0]
[428, 239, 34, 34, 1.0]
[989, 272, 31, 31, 1.0]
[321, 274, 31, 31, 1.0]
[152, 253, 46, 46, 1.0]
[842, 262, 37, 37, 1.0]
[765, 267, 58, 58, 1.0]
[22, 258, 58, 58, 1.0]
[713, 324, 34, 34, 1.0]
[599, 330, 48, 48, 1.0]
[661, 330, 51, 51, 1.0]
[914, 383, 54, 54, 1.0]
[786, 393, 55, 55, 1.0]
[224, 415, 64, 64, 1.0]
[588, 441, 60, 60, 1.0]
[723, 462, 61, 61, 1.0]
