2_Demonstration_Protesters_2_606.jpg
26
[846, 352, 24, 24, 1.0]
[902, 404, 26, 26, 1.0]
[608, 454, 27, 27, 1.0]
[662, 458, 26, 26, 1.0]
[737, 448, 31, 31, 1.0]
[148, 470, 27, 27, 1.0]
[515, 471, 30, 30, 1.0]
[977, 474, 28, 28, 1.0]
[473, 386, 60, 60, 1.0]
[907, 471, 33, 33, 1.0]
[914, 495, 38, 38, 1.0]
[271, 499, 32, 32, 1.0]
[825, 499, 32, 32, 1.0]
[612, 496, 36, 36, 1.0]
[206, 503, 32, 32, 1.0]
[647, 512, 40, 40, 1.0]
[293, 523, 45, 45, 1.0]
[584, 532, 40, 40, 1.0]
[674, 530, 46, 46, 1.0]
[873, 534, 32, 32, 1.0]
[443, 571, 33, 33, 1.0]
[189, 557, 55, 55, 1.0]
[599, 585, 52, 52, 1.0]
[474, 552, 47, 47, 1.0]
[89, 554, 52, 52, 1.0]
[556, 568, 51, 51, 1.0]
