2_Demonstration_Protesters_2_36.jpg
49
[672, 195, 26, 26, 1.0]
[702, 221, 27, 27, 1.0]
[439, 224, 27, 27, 1.0]
[783, 233, 27, 27, 1.0]
[665, 245, 27, 27, 1.0]
[136, 271, 31, 31, 1.0]
[198, 276, 30, 30, 1.0]
[529, 268, 33, 33, 1.0]
[454, 285, 30, 30, 1.0]
[838, 293, 30, 30, 1.0]
[355, 269, 31, 31, 1.0]
[665, 300, 40, 40, 1.0]
[54, 273, 34, 34, 1.0]
[376, 306, 32, 32, 1.0]
[756, 269, 36, 36, 1.0]
[761, 320, 32, 32, 1.0]
[295, 296, 35, 35, 1.0]
[963, 283, 34, 34, 1.0]
[253, 285, 32, 32, 1.0]
[336, 329, 46, 46, 1.0]
[62, 336, 46, 46, 1.0]
[406, 340, 35, 35, 1.0]
[537, 341, 39, 39, 1.0]
[165, 352, 43, 43, 1.0]
[322, 366, 49, 49, 1.0]
[806, 364, 43, 43, 1.0]
[246, 375, 44, 44, 1.0]
[372, 381, 40, 40, 1.0]
[759, 383, 44, 44, 1.0]
[433, 384, 48, 48, 1.0]
[861, 395, 52, 52, 1.0]
[645, 393, 60, 60, 1.0]
[181, 432, 51, 51, 1.0]
[909, 404, 53, 53, 1.0]
[32, 438, 59, 59, 1.0]
[958, 461, 53, 53, 1.0]
[569, 442, 55, 55, 1.0]
[772, 432, 51, 51, 1.0]
[289, 465, 56, 56, 1.0]
[431, 473, 59, 59, 1.0]
[804, 480, 58, 58, 1.0]
[244, 487, 55, 55, 1.0]
[495, 486, 58, 58, 1.0]
[707, 488, 61, 61, 1.0]
[524, 520, 61, 61, 1.0]
[165, 512, 53, 53, 1.0]
[889, 531, 68, 68, 1.0]
[32, 542, 75, 75, 1.0]
[256, 563, 62, 62, 1.0]
