2_Demonstration_Demonstrators_2_223.jpg
31
[426, 157, 25, 25, 1.0]
[211, 52, 33, 33, 1.0]
[129, 22, 39, 39, 1.0]
[340, 239, 27, 27, 1.0]
[199, 264, 29, 29, 1.0]
[840, 292, 27, 27, 1.0]
[272, 282, 32, 32, 1.0]
[326, 234, 37, 37, 1.0]
[652, 293, 30, 30, 1.0]
[700, 302, 34, 34, 1.0]
[748, 301, 39, 39, 1.0]
[524, 304, 45, 45, 1.0]
[177, 312, 36, 36, 1.0]
[379, 329, 32, 32, 1.0]
[515, 362, 31, 31, 1.0]
[390, 374, 43, 43, 1.0]
[468, 387, 38, 38, 1.0]
[569, 373, 41, 41, 1.0]
[620, 400, 48, 48, 1.0]
[507, 406, 45, 45, 1.0]
[108, 412, 37, 37, 1.0]
[201, 412, 43, 43, 1.0]
[287, 425, 48, 48, 1.0]
[704, 407, 39, 39, 1.0]
[611, 467, 44, 44, 1.0]
[247, 421, 56, 56, 1.0]
[402, 519, 61, 61, 1.0]
[514, 496, 52, 52, 1.0]
[2, 534, 58, 58, 1.0]
[157, 553, 72, 72, 1.0]
[908, 596, 79, 79, 1.0]
