2_Demonstration_Political_Rally_2_335.jpg
32
239 94 33 33 1.0
12 28 30 30 1.0
268 195 32 32 1.0
336 58 29 29 1.0
725 80 32 32 1.0
443 154 37 37 1.0
662 64 30 30 1.0
320 104 39 39 1.0
468 172 46 46 1.0
744 172 48 48 1.0
86 239 34 34 1.0
872 151 38 38 1.0
609 77 38 38 1.0
656 228 49 49 1.0
480 246 48 48 1.0
101 261 55 55 1.0
263 271 52 52 1.0
747 242 57 57 1.0
395 263 59 59 1.0
437 375 52 52 1.0
272 321 61 61 1.0
377 336 54 54 1.0
692 316 58 58 1.0
664 418 54 54 1.0
879 341 64 64 1.0
326 452 36 36 1.0
267 429 60 60 1.0
128 485 60 60 1.0
297 321 69 69 1.0
724 450 62 62 1.0
152 383 95 95 1.0
772 562 78 78 1.0
