2_Demonstration_Demonstration_Or_Protest_2_321.jpg
22
[390, 74, 26, 26, 1.0]
[576, 114, 27, 27, 1.0]
[649, 112, 26, 26, 1.0]
[960, 112, 27, 27, 1.0]
[411, 114, 30, 30, 1.0]
[352, 128, 32, 32, 1.0]
[210, 70, 32, 32, 1.0]
[552, 132, 30, 30, 1.0]
[883, 119, 38, 38, 1.0]
[262, 142, 40, 40, 1.0]
[465, 131, 44, 44, 1.0]
[504, 146, 55, 55, 1.0]
[410, 153, 46, 46, 1.0]
[958, 156, 33, 33, 1.0]
[606, 168, 48, 48, 1.0]
[834, 178, 41, 41, 1.0]
[158, 153, 50, 50, 1.0]
[27, 154, 57, 57, 1.0]
[916, 173, 47, 47, 1.0]
[267, 182, 48, 48, 1.0]
[718, 195, 42, 42, 1.0]
[217, 498, 34, 34, 1.0]
