2_Demonstration_Demonstrators_2_27.jpg
25
[671, 155, 29, 29, 1.0]
[370, 156, 28, 28, 1.0]
[607, 161, 29, 29, 1.0]
[569, 181, 30, 30, 1.0]
[660, 187, 33, 33, 1.0]
[605, 190, 32, 32, 1.0]
[382, 198, 36, 36, 1.0]
[134, 194, 47, 47, 1.0]
[636, 212, 34, 34, 1.0]
[293, 210, 48, 48, 1.0]
[537, 219, 29, 29, 1.0]
[727, 224, 27, 27, 1.0]
[586, 220, 41, 41, 1.0]
[426, 219, 48, 48, 1.0]
[787, 237, 30, 30, 1.0]
[558, 251, 50, 50, 1.0]
[12, 204, 57, 57, 1.0]
[755, 250, 50, 50, 1.0]
[895, 240, 43, 43, 1.0]
[668, 243, 52, 52, 1.0]
[480, 272, 50, 50, 1.0]
[189, 244, 64, 64, 1.0]
[89, 226, 58, 58, 1.0]
[389, 285, 58, 58, 1.0]
[951, 297, 59, 59, 1.0]
