2_Demonstration_Demonstration_Or_Protest_2_267.jpg
23
[23, 385, 27, 27, 1.0]
[776, 396, 29, 29, 1.0]
[147, 414, 25, 25, 1.0]
[959, 421, 26, 26, 1.0]
[608, 424, 30, 30, 1.0]
[825, 416, 30, 30, 1.0]
[753, 408, 32, 32, 1.0]
[514, 409, 31, 31, 1.0]
[494, 452, 35, 35, 1.0]
[649, 450, 36, 36, 1.0]
[727, 463, 33, 33, 1.0]
[903, 463, 36, 36, 1.0]
[576, 445, 43, 43, 1.0]
[43, 387, 58, 58, 1.0]
[403, 472, 51, 51, 1.0]
[77, 522, 56, 56, 1.0]
[891, 594, 45, 45, 1.0]
[435, 498, 51, 51, 1.0]
[258, 491, 54, 54, 1.0]
[641, 491, 50, 50, 1.0]
[764, 550, 51, 51, 1.0]
[934, 495, 49, 49, 1.0]
[592, 487, 58, 58, 1.0]
