2_Demonstration_Political_Rally_2_831.jpg
20
[945, 29, 26, 26, 1.0]
[926, 84, 32, 32, 1.0]
[166, 53, 33, 33, 1.0]
[756, 21, 32, 32, 1.0]
[651, 39, 28, 28, 1.0]
[5, 12, 28, 28, 1.0]
[700, 53, 35, 35, 1.0]
[819, 134, 30, 30, 1.0]
[868, 175, 34, 34, 1.0]
[592, 209, 48, 48, 1.0]
[156, 150, 61, 61, 1.0]
[521, 228, 57, 57, 1.0]
[91, 242, 61, 61, 1.0]
[935, 243, 66, 66, 1.0]
[469, 254, 61, 61, 1.0]
[64, 409, 29, 29, 1.0]
[45, 315, 60, 60, 1.0]
[913, 399, 58, 58, 1.0]
[803, 384, 64, 64, 1.0]
[191, 451, 54, 54, 1.0]
