2_Demonstration_Demonstration_Or_Protest_2_1016.jpg
46
[908, 42, 35, 35, 1.0]
[687, 117, 45, 45, 1.0]
[629, 63, 51, 51, 1.0]
[807, 20, 49, 49, 1.0]
[754, 78, 45, 45, 1.0]
[331, 119, 85, 85, 1.0]
[585, 214, 33, 33, 1.0]
[871, 233, 46, 46, 1.0]
[862, 178, 68, 68, 1.0]
[95, 254, 53, 53, 1.0]
[185, 270, 48, 48, 1.0]
[469, 313, 31, 31, 1.0]
[703, 312, 36, 36, 1.0]
[872, 286, 54, 54, 1.0]
[781, 251, 54, 54, 1.0]
[635, 306, 55, 55, 1.0]
[541, 259, 61, 61, 1.0]
[438, 319, 48, 48, 1.0]
[2, 369, 39, 39, 1.0]
[501, 340, 50, 50, 1.0]
[574, 381, 48, 48, 1.0]
[959, 337, 48, 48, 1.0]
[401, 394, 44, 44, 1.0]
[457, 385, 50, 50, 1.0]
[787, 388, 56, 56, 1.0]
[280, 390, 51, 51, 1.0]
[655, 398, 46, 46, 1.0]
[744, 402, 51, 51, 1.0]
[711, 436, 47, 47, 1.0]
[371, 407, 50, 50, 1.0]
[669, 433, 44, 44, 1.0]
[826, 441, 48, 48, 1.0]
[582, 443, 46, 46, 1.0]
[25, 450, 42, 42, 1.0]
[154, 448, 49, 49, 1.0]
[484, 431, 56, 56, 1.0]
[345, 473, 54, 54, 1.0]
[240, 478, 54, 54, 1.0]
[885, 487, 51, 51, 1.0]
[161, 501, 51, 51, 1.0]
[540, 485, 53, 53, 1.0]
[772, 476, 46, 46, 1.0]
[637, 504, 41, 41, 1.0]
[281, 471, 52, 52, 1.0]
[99, 544, 38, 38, 1.0]
[290, 544, 49, 49, 1.0]
