2_Demonstration_Political_Rally_2_747.jpg
28
[545, 430, 62, 62, 1.0]
[641, 470, 57, 57, 1.0]
[70, 634, 58, 58, 1.0]
[308, 435, 90, 90, 1.0]
[377, 841, 26, 26, 1.0]
[326, 750, 33, 33, 1.0]
[908, 867, 26, 26, 1.0]
[620, 980, 27, 27, 1.0]
[381, 665, 51, 51, 1.0]
[806, 863, 36, 36, 1.0]
[312, 887, 36, 36, 1.0]
[337, 1086, 27, 27, 1.0]
[400, 942, 98, 98, 1.0]
[547, 1184, 31, 31, 1.0]
[884, 1196, 26, 26, 1.0]
[684, 1227, 28, 28, 1.0]
[830, 1317, 27, 27, 1.0]
[888, 1318, 25, 25, 1.0]
[545, 1365, 26, 26, 1.0]
[952, 1332, 32, 32, 1.0]
[929, 1127, 86, 86, 1.0]
[761, 1368, 27, 27, 1.0]
[851, 1391, 29, 29, 1.0]
[684, 1423, 29, 29, 1.0]
[968, 1426, 29, 29, 1.0]
[629, 1428, 30, 30, 1.0]
[331, 1463, 28, 28, 1.0]
[447, 1284, 116, 116, 1.0]
