2_Demonstration_Protesters_2_658.jpg
20
[843, 124, 32, 32, 1.0]
[472, 202, 27, 27, 1.0]
[398, 213, 26, 26, 1.0]
[691, 228, 27, 27, 1.0]
[927, 259, 27, 27, 1.0]
[27, 277, 26, 26, 1.0]
[813, 266, 31, 31, 1.0]
[805, 330, 26, 26, 1.0]
[605, 330, 27, 27, 1.0]
[502, 319, 30, 30, 1.0]
[661, 362, 33, 33, 1.0]
[102, 390, 25, 25, 1.0]
[479, 352, 30, 30, 1.0]
[710, 324, 34, 34, 1.0]
[44, 428, 33, 33, 1.0]
[172, 455, 27, 27, 1.0]
[246, 444, 31, 31, 1.0]
[886, 337, 58, 58, 1.0]
[509, 507, 34, 34, 1.0]
[518, 615, 37, 37, 1.0]
