2_Demonstration_Protesters_2_323.jpg
31
[164, 244, 28, 28, 1.0]
[323, 258, 26, 26, 1.0]
[632, 238, 25, 25, 1.0]
[453, 262, 29, 29, 1.0]
[588, 262, 28, 28, 1.0]
[13, 285, 30, 30, 1.0]
[753, 272, 30, 30, 1.0]
[99, 274, 29, 29, 1.0]
[671, 276, 28, 28, 1.0]
[784, 295, 27, 27, 1.0]
[534, 282, 25, 25, 1.0]
[627, 301, 29, 29, 1.0]
[77, 304, 26, 26, 1.0]
[802, 268, 32, 32, 1.0]
[571, 289, 33, 33, 1.0]
[504, 298, 32, 32, 1.0]
[828, 284, 35, 35, 1.0]
[792, 322, 43, 43, 1.0]
[523, 322, 32, 32, 1.0]
[578, 337, 32, 32, 1.0]
[676, 321, 33, 33, 1.0]
[205, 336, 38, 38, 1.0]
[830, 382, 39, 39, 1.0]
[56, 326, 36, 36, 1.0]
[678, 365, 42, 42, 1.0]
[416, 393, 38, 38, 1.0]
[924, 422, 51, 51, 1.0]
[566, 448, 47, 47, 1.0]
[656, 449, 50, 50, 1.0]
[560, 425, 55, 55, 1.0]
[318, 595, 30, 30, 1.0]
