2_Demonstration_Protesters_2_164.jpg
27
[774, 177, 28, 28, 1.0]
[275, 203, 27, 27, 1.0]
[820, 206, 25, 25, 1.0]
[637, 223, 25, 25, 1.0]
[445, 232, 24, 24, 1.0]
[70, 234, 26, 26, 1.0]
[89, 239, 28, 28, 1.0]
[705, 316, 26, 26, 1.0]
[556, 328, 26, 26, 1.0]
[653, 315, 28, 28, 1.0]
[377, 341, 29, 29, 1.0]
[619, 351, 28, 28, 1.0]
[216, 347, 27, 27, 1.0]
[792, 374, 29, 29, 1.0]
[205, 391, 29, 29, 1.0]
[599, 395, 27, 27, 1.0]
[804, 414, 34, 34, 1.0]
[993, 431, 29, 29, 1.0]
[928, 438, 44, 44, 1.0]
[347, 426, 35, 35, 1.0]
[509, 424, 37, 37, 1.0]
[191, 403, 51, 51, 1.0]
[734, 465, 42, 42, 1.0]
[201, 426, 100, 100, 1.0]
[413, 576, 49, 49, 1.0]
[660, 598, 52, 52, 1.0]
[494, 500, 74, 74, 1.0]
