2_Demonstration_Protesters_2_135.jpg
24
[200, 100, 29, 29, 1.0]
[263, 125, 29, 29, 1.0]
[573, 139, 29, 29, 1.0]
[122, 108, 26, 26, 1.0]
[714, 132, 27, 27, 1.0]
[150, 109, 29, 29, 1.0]
[506, 112, 29, 29, 1.0]
[636, 112, 27, 27, 1.0]
[859, 88, 28, 28, 1.0]
[412, 92, 29, 29, 1.0]
[659, 115, 30, 30, 1.0]
[430, 148, 29, 29, 1.0]
[490, 148, 31, 31, 1.0]
[184, 150, 32, 32, 1.0]
[935, 98, 40, 40, 1.0]
[186, 24, 74, 74, 1.0]
[825, 22, 88, 88, 1.0]
[386, 199, 40, 40, 1.0]
[235, 188, 36, 36, 1.0]
[527, 238, 42, 42, 1.0]
[458, 283, 49, 49, 1.0]
[707, 296, 43, 43, 1.0]
[695, 252, 59, 59, 1.0]
[286, 253, 68, 68, 1.0]
