2_Demonstration_Protesters_2_648.jpg
47
[221, 52, 39, 39, 1.0]
[355, 990, 55, 55, 1.0]
[699, 2428, 70, 70, 1.0]
[620, 2756, 36, 36, 1.0]
[753, 1143, 131, 131, 1.0]
[226, 2488, 104, 104, 1.0]
[519, 1110, 206, 206, 1.0]
[261, 3227, 61, 61, 1.0]
[375, 2868, 58, 58, 1.0]
[942, 3906, 63, 63, 1.0]
[787, 3714, 79, 79, 1.0]
[562, 3514, 66, 66, 1.0]
[44, 5210, 36, 36, 1.0]
[238, 2890, 84, 84, 1.0]
[794, 5420, 48, 48, 1.0]
[426, 6052, 27, 27, 1.0]
[606, 2929, 101, 101, 1.0]
[567, 4223, 120, 120, 1.0]
[349, 5320, 115, 115, 1.0]
[645, 6655, 32, 32, 1.0]
[138, 5398, 93, 93, 1.0]
[692, 6663, 33, 33, 1.0]
[121, 5316, 136, 136, 1.0]
[544, 5344, 177, 177, 1.0]
[249, 6380, 61, 61, 1.0]
[485, 6877, 55, 55, 1.0]
[636, 5487, 182, 182, 1.0]
[384, 6375, 92, 92, 1.0]
[732, 6390, 90, 90, 1.0]
[41, 6942, 72, 72, 1.0]
[86, 6348, 94, 94, 1.0]
[345, 6551, 179, 179, 1.0]
[349, 8556, 30, 30, 1.0]
[312, 6216, 115, 115, 1.0]
[384, 7323, 158, 158, 1.0]
[751, 8539, 56, 56, 1.0]
[35, 8391, 61, 61, 1.0]
[84, 8405, 65, 65, 1.0]
[667, 8507, 64, 64, 1.0]
[527, 8052, 72, 72, 1.0]
[881, 8987, 57, 57, 1.0]
[886, 9546, 42, 42, 1.0]
[354, 9764, 53, 53, 1.0]
[541, 8471, 96, 96, 1.0]
[875, 8874, 72, 72, 1.0]
[570, 9405, 60, 60, 1.0]
[396, 9280, 256, 256, 1.0]
