2_Demonstration_Protesters_2_253.jpg
26
[104, 162, 81, 81, 1.0]
[340, 350, 56, 56, 1.0]
[603, 316, 66, 66, 1.0]
[899, 434, 75, 75, 1.0]
[873, 694, 54, 54, 1.0]
[464, 636, 68, 68, 1.0]
[956, 737, 54, 54, 1.0]
[663, 775, 44, 44, 1.0]
[733, 760, 46, 46, 1.0]
[457, 814, 46, 46, 1.0]
[58, 814, 49, 49, 1.0]
[570, 792, 48, 48, 1.0]
[631, 931, 49, 49, 1.0]
[707, 917, 53, 53, 1.0]
[625, 753, 56, 56, 1.0]
[262, 1043, 30, 30, 1.0]
[3, 1040, 48, 48, 1.0]
[126, 1054, 53, 53, 1.0]
[332, 1063, 56, 56, 1.0]
[222, 831, 74, 74, 1.0]
[469, 1094, 63, 63, 1.0]
[452, 1034, 56, 56, 1.0]
[746, 899, 186, 186, 1.0]
[372, 1065, 59, 59, 1.0]
[181, 1135, 62, 62, 1.0]
[683, 1070, 62, 62, 1.0]
