2_Demonstration_Protesters_2_527.jpg
24
[362, 380, 25, 25, 1.0]
[266, 383, 26, 26, 1.0]
[132, 384, 26, 26, 1.0]
[928, 422, 24, 24, 1.0]
[464, 423, 26, 26, 1.0]
[808, 424, 27, 27, 1.0]
[656, 431, 25, 25, 1.0]
[245, 444, 25, 25, 1.0]
[351, 436, 25, 25, 1.0]
[724, 448, 25, 25, 1.0]
[940, 473, 26, 26, 1.0]
[448, 489, 25, 25, 1.0]
[311, 490, 26, 26, 1.0]
[528, 539, 25, 25, 1.0]
[2, 605, 27, 27, 1.0]
[831, 606, 27, 27, 1.0]
[559, 625, 28, 28, 1.0]
[873, 580, 26, 26, 1.0]
[666, 586, 27, 27, 1.0]
[389, 626, 33, 33, 1.0]
[524, 590, 27, 27, 1.0]
[515, 635, 28, 28, 1.0]
[451, 625, 33, 33, 1.0]
[789, 626, 39, 39, 1.0]
