2_Demonstration_Demonstration_Or_Protest_2_386.jpg
35
[271, 268, 55, 55, 1.0]
[752, 438, 25, 25, 1.0]
[566, 441, 27, 27, 1.0]
[362, 472, 25, 25, 1.0]
[20, 476, 26, 26, 1.0]
[20, 458, 24, 24, 1.0]
[256, 459, 27, 27, 1.0]
[100, 480, 25, 25, 1.0]
[542, 428, 25, 25, 1.0]
[121, 344, 56, 56, 1.0]
[482, 494, 26, 26, 1.0]
[584, 494, 26, 26, 1.0]
[642, 505, 26, 26, 1.0]
[843, 504, 26, 26, 1.0]
[86, 516, 26, 26, 1.0]
[706, 515, 26, 26, 1.0]
[150, 519, 26, 26, 1.0]
[528, 518, 27, 27, 1.0]
[843, 536, 27, 27, 1.0]
[576, 551, 26, 26, 1.0]
[615, 560, 28, 28, 1.0]
[687, 563, 28, 28, 1.0]
[900, 563, 26, 26, 1.0]
[650, 571, 27, 27, 1.0]
[813, 570, 26, 26, 1.0]
[597, 586, 27, 27, 1.0]
[501, 568, 31, 31, 1.0]
[508, 593, 26, 26, 1.0]
[686, 597, 26, 26, 1.0]
[540, 609, 26, 26, 1.0]
[993, 613, 27, 27, 1.0]
[502, 623, 28, 28, 1.0]
[561, 626, 27, 27, 1.0]
[762, 627, 28, 28, 1.0]
[625, 623, 32, 32, 1.0]
