2_Demonstration_Protesters_2_270.jpg
41
[386, 234, 28, 28, 1.0]
[141, 99, 120, 120, 1.0]
[920, 226, 32, 32, 1.0]
[689, 254, 39, 39, 1.0]
[963, 257, 34, 34, 1.0]
[822, 263, 31, 31, 1.0]
[859, 270, 28, 28, 1.0]
[251, 272, 30, 30, 1.0]
[500, 274, 30, 30, 1.0]
[892, 272, 36, 36, 1.0]
[990, 301, 32, 32, 1.0]
[640, 315, 43, 43, 1.0]
[534, 303, 49, 49, 1.0]
[710, 308, 39, 39, 1.0]
[613, 282, 38, 38, 1.0]
[743, 327, 49, 49, 1.0]
[31, 355, 36, 36, 1.0]
[313, 352, 51, 51, 1.0]
[5, 383, 54, 54, 1.0]
[779, 380, 57, 57, 1.0]
[848, 387, 52, 52, 1.0]
[530, 400, 54, 54, 1.0]
[60, 408, 56, 56, 1.0]
[944, 423, 53, 53, 1.0]
[648, 398, 59, 59, 1.0]
[761, 481, 57, 57, 1.0]
[831, 460, 51, 51, 1.0]
[884, 428, 61, 61, 1.0]
[454, 433, 53, 53, 1.0]
[34, 469, 75, 75, 1.0]
[693, 480, 65, 65, 1.0]
[283, 421, 93, 93, 1.0]
[803, 492, 60, 60, 1.0]
[601, 461, 61, 61, 1.0]
[487, 468, 62, 62, 1.0]
[871, 515, 66, 66, 1.0]
[920, 588, 58, 58, 1.0]
[631, 564, 78, 78, 1.0]
[544, 528, 65, 65, 1.0]
[603, 571, 72, 72, 1.0]
[71, 540, 91, 91, 1.0]
