31_Waiter_Waitress_Waiter_Waitress_31_534.jpg
32
[490, 181, 25, 25, 1.0]
[244, 195, 28, 28, 1.0]
[409, 202, 27, 27, 1.0]
[840, 230, 31, 31, 1.0]
[665, 206, 25, 25, 1.0]
[113, 254, 36, 36, 1.0]
[561, 212, 26, 26, 1.0]
[162, 240, 31, 31, 1.0]
[910, 241, 34, 34, 1.0]
[641, 212, 26, 26, 1.0]
[686, 214, 25, 25, 1.0]
[268, 286, 26, 26, 1.0]
[869, 279, 30, 30, 1.0]
[233, 321, 27, 27, 1.0]
[691, 321, 28, 28, 1.0]
[360, 327, 28, 28, 1.0]
[426, 326, 27, 27, 1.0]
[564, 328, 26, 26, 1.0]
[622, 328, 27, 27, 1.0]
[285, 331, 29, 29, 1.0]
[496, 332, 25, 25, 1.0]
[756, 330, 30, 30, 1.0]
[278, 375, 26, 26, 1.0]
[470, 376, 29, 29, 1.0]
[775, 375, 29, 29, 1.0]
[532, 367, 29, 29, 1.0]
[714, 366, 29, 29, 1.0]
[593, 369, 28, 28, 1.0]
[649, 369, 28, 28, 1.0]
[189, 400, 27, 27, 1.0]
[410, 376, 33, 33, 1.0]
[820, 406, 28, 28, 1.0]
