42_Car_Racing_Nascar_42_557.jpg
33
[920, 181, 53, 53, 1.0]
[813, 178, 54, 54, 1.0]
[551, 180, 70, 70, 1.0]
[380, 182, 73, 73, 1.0]
[922, 324, 37, 37, 1.0]
[818, 319, 44, 44, 1.0]
[691, 192, 73, 73, 1.0]
[925, 423, 33, 33, 1.0]
[558, 357, 61, 61, 1.0]
[398, 355, 74, 74, 1.0]
[696, 396, 60, 60, 1.0]
[154, 194, 87, 87, 1.0]
[822, 424, 36, 36, 1.0]
[926, 505, 33, 33, 1.0]
[823, 507, 34, 34, 1.0]
[817, 583, 28, 28, 1.0]
[563, 488, 58, 58, 1.0]
[698, 557, 54, 54, 1.0]
[886, 598, 35, 35, 1.0]
[379, 513, 77, 77, 1.0]
[151, 477, 96, 96, 1.0]
[558, 608, 56, 56, 1.0]
[818, 649, 26, 26, 1.0]
[708, 674, 36, 36, 1.0]
[890, 688, 25, 25, 1.0]
[950, 688, 26, 26, 1.0]
[818, 710, 27, 27, 1.0]
[879, 755, 29, 29, 1.0]
[708, 755, 36, 36, 1.0]
[816, 772, 27, 27, 1.0]
[178, 673, 70, 70, 1.0]
[389, 682, 80, 80, 1.0]
[565, 727, 53, 53, 1.0]
