23_Shoppers_Shoppers_23_109.jpg
21
[246, 114, 52, 52, 1.0]
[238, 91, 55, 55, 1.0]
[365, 181, 26, 26, 1.0]
[479, 231, 25, 25, 1.0]
[354, 232, 27, 27, 1.0]
[397, 232, 26, 26, 1.0]
[397, 268, 27, 27, 1.0]
[520, 273, 27, 27, 1.0]
[333, 280, 27, 27, 1.0]
[222, 282, 27, 27, 1.0]
[276, 292, 28, 28, 1.0]
[776, 285, 32, 32, 1.0]
[553, 304, 35, 35, 1.0]
[425, 311, 29, 29, 1.0]
[334, 314, 25, 25, 1.0]
[827, 323, 34, 34, 1.0]
[937, 354, 42, 42, 1.0]
[670, 407, 36, 36, 1.0]
[816, 405, 47, 47, 1.0]
[950, 401, 54, 54, 1.0]
[374, 435, 68, 68, 1.0]
