23_Shoppers_Shoppers_23_44.jpg
20
[783, 297, 39, 39, 1.0]
[365, 281, 41, 41, 1.0]
[916, 224, 52, 52, 1.0]
[519, 284, 53, 53, 1.0]
[694, 317, 71, 71, 1.0]
[623, 259, 52, 52, 1.0]
[578, 263, 57, 57, 1.0]
[251, 266, 53, 53, 1.0]
[934, 381, 58, 58, 1.0]
[656, 458, 60, 60, 1.0]
[142, 255, 95, 95, 1.0]
[684, 574, 97, 97, 1.0]
[76, 637, 75, 75, 1.0]
[532, 743, 61, 61, 1.0]
[526, 788, 57, 57, 1.0]
[362, 612, 91, 91, 1.0]
[231, 658, 104, 104, 1.0]
[680, 700, 106, 106, 1.0]
[607, 970, 91, 91, 1.0]
[22, 1191, 67, 67, 1.0]
