0_Parade_marchingband_1_60.jpg
24
[454, 202, 24, 24, 1.0]
[232, 220, 25, 25, 1.0]
[489, 224, 25, 25, 1.0]
[551, 226, 26, 26, 1.0]
[727, 226, 24, 24, 1.0]
[850, 229, 26, 26, 1.0]
[322, 237, 26, 26, 1.0]
[188, 238, 25, 25, 1.0]
[787, 238, 25, 25, 1.0]
[254, 245, 26, 26, 1.0]
[563, 250, 25, 25, 1.0]
[392, 254, 25, 25, 1.0]
[505, 257, 26, 26, 1.0]
[285, 267, 24, 24, 1.0]
[772, 270, 26, 26, 1.0]
[138, 278, 26, 26, 1.0]
[925, 289, 26, 26, 1.0]
[214, 281, 27, 27, 1.0]
[494, 293, 27, 27, 1.0]
[788, 308, 27, 27, 1.0]
[850, 307, 27, 27, 1.0]
[574, 285, 25, 25, 1.0]
[718, 302, 26, 26, 1.0]
[658, 324, 25, 25, 1.0]
