0_Parade_marchingband_1_734.jpg
33
[602, 154, 26, 26, 1.0]
[801, 215, 24, 24, 1.0]
[482, 239, 25, 25, 1.0]
[814, 249, 25, 25, 1.0]
[348, 275, 25, 25, 1.0]
[147, 297, 26, 26, 1.0]
[731, 297, 27, 27, 1.0]
[656, 301, 26, 26, 1.0]
[480, 308, 25, 25, 1.0]
[825, 314, 27, 27, 1.0]
[702, 324, 25, 25, 1.0]
[133, 329, 27, 27, 1.0]
[533, 330, 26, 26, 1.0]
[250, 340, 25, 25, 1.0]
[635, 333, 24, 24, 1.0]
[120, 363, 26, 26, 1.0]
[361, 364, 27, 27, 1.0]
[585, 376, 28, 28, 1.0]
[656, 394, 27, 27, 1.0]
[190, 399, 31, 31, 1.0]
[433, 401, 30, 30, 1.0]
[414, 457, 27, 27, 1.0]
[711, 459, 28, 28, 1.0]
[612, 460, 28, 28, 1.0]
[323, 468, 27, 27, 1.0]
[147, 486, 27, 27, 1.0]
[239, 491, 29, 29, 1.0]
[801, 493, 28, 28, 1.0]
[889, 496, 30, 30, 1.0]
[486, 577, 27, 27, 1.0]
[539, 580, 26, 26, 1.0]
[593, 553, 53, 53, 1.0]
[288, 672, 25, 25, 1.0]
