0_Parade_marchingband_1_638.jpg
32
[164, 279, 26, 26, 1.0]
[757, 314, 25, 25, 1.0]
[250, 317, 26, 26, 1.0]
[312, 314, 26, 26, 1.0]
[384, 298, 26, 26, 1.0]
[859, 335, 27, 27, 1.0]
[501, 300, 25, 25, 1.0]
[143, 359, 28, 28, 1.0]
[396, 358, 26, 26, 1.0]
[454, 358, 26, 26, 1.0]
[89, 361, 26, 26, 1.0]
[179, 305, 28, 28, 1.0]
[553, 306, 25, 25, 1.0]
[508, 360, 27, 27, 1.0]
[463, 325, 26, 26, 1.0]
[706, 307, 26, 26, 1.0]
[623, 363, 27, 27, 1.0]
[684, 363, 27, 27, 1.0]
[273, 353, 27, 27, 1.0]
[340, 354, 27, 27, 1.0]
[175, 330, 26, 26, 1.0]
[648, 329, 26, 26, 1.0]
[789, 365, 27, 27, 1.0]
[198, 367, 27, 27, 1.0]
[913, 354, 28, 28, 1.0]
[381, 332, 26, 26, 1.0]
[569, 368, 27, 27, 1.0]
[798, 331, 28, 28, 1.0]
[741, 372, 26, 26, 1.0]
[850, 371, 28, 28, 1.0]
[142, 305, 42, 42, 1.0]
[589, 336, 38, 38, 1.0]
