0_Parade_marchingband_1_649.jpg
25
[547, 78, 51, 51, 1.0]
[52, 121, 34, 34, 1.0]
[5, 129, 31, 31, 1.0]
[407, 83, 48, 48, 1.0]
[760, 151, 32, 32, 1.0]
[339, 120, 36, 36, 1.0]
[246, 144, 33, 33, 1.0]
[375, 64, 265, 265, 1.0]
[902, 178, 31, 31, 1.0]
[488, 122, 46, 46, 1.0]
[856, 152, 39, 39, 1.0]
[647, 145, 39, 39, 1.0]
[103, 137, 30, 30, 1.0]
[965, 151, 44, 44, 1.0]
[17, 197, 51, 51, 1.0]
[941, 205, 50, 50, 1.0]
[240, 187, 51, 51, 1.0]
[656, 209, 50, 50, 1.0]
[120, 226, 52, 52, 1.0]
[171, 281, 54, 54, 1.0]
[789, 283, 52, 52, 1.0]
[285, 285, 54, 54, 1.0]
[690, 288, 52, 52, 1.0]
[707, 288, 53, 53, 1.0]
[883, 319, 52, 52, 1.0]
