0_Parade_marchingband_1_434.jpg
22
[204, 213, 34, 34, 1.0]
[290, 189, 36, 36, 1.0]
[718, 256, 45, 45, 1.0]
[580, 182, 41, 41, 1.0]
[350, 187, 36, 36, 1.0]
[757, 177, 40, 40, 1.0]
[841, 222, 53, 53, 1.0]
[362, 254, 45, 45, 1.0]
[446, 228, 47, 47, 1.0]
[674, 159, 42, 42, 1.0]
[140, 258, 43, 43, 1.0]
[230, 254, 51, 51, 1.0]
[600, 258, 48, 48, 1.0]
[397, 312, 53, 53, 1.0]
[164, 322, 50, 50, 1.0]
[540, 297, 53, 53, 1.0]
[133, 234, 61, 61, 1.0]
[555, 298, 53, 53, 1.0]
[289, 278, 55, 55, 1.0]
[751, 320, 52, 52, 1.0]
[690, 401, 200, 200, 1.0]
[734, 640, 51, 51, 1.0]
