0_Parade_Parade_0_686.jpg
53
[349, 19, 34, 34, 1.0]
[270, 29, 32, 32, 1.0]
[394, 52, 32, 32, 1.0]
[186, 32, 36, 36, 1.0]
[299, 3, 33, 33, 1.0]
[408, 18, 33, 33, 1.0]
[85, 111, 43, 43, 1.0]
[694, 25, 34, 34, 1.0]
[529, 75, 32, 32, 1.0]
[745, 55, 32, 32, 1.0]
[307, 54, 40, 40, 1.0]
[932, 137, 40, 40, 1.0]
[19, 40, 40, 40, 1.0]
[108, 37, 36, 36, 1.0]
[6, 117, 38, 38, 1.0]
[181, 101, 38, 38, 1.0]
[783, 115, 43, 43, 1.0]
[705, 124, 42, 42, 1.0]
[441, 73, 42, 42, 1.0]
[724, 88, 36, 36, 1.0]
[269, 91, 44, 44, 1.0]
[483, 106, 46, 46, 1.0]
[532, 154, 37, 37, 1.0]
[63, 7, 41, 41, 1.0]
[148, 4, 40, 40, 1.0]
[647, 95, 41, 41, 1.0]
[561, 99, 44, 44, 1.0]
[444, 164, 42, 42, 1.0]
[222, 142, 44, 44, 1.0]
[836, 147, 47, 47, 1.0]
[303, 129, 46, 46, 1.0]
[749, 171, 38, 38, 1.0]
[358, 170, 46, 46, 1.0]
[671, 178, 39, 39, 1.0]
[616, 137, 44, 44, 1.0]
[142, 143, 46, 46, 1.0]
[48, 157, 52, 52, 1.0]
[912, 188, 49, 49, 1.0]
[273, 181, 44, 44, 1.0]
[587, 182, 43, 43, 1.0]
[548, 242, 41, 41, 1.0]
[492, 192, 48, 48, 1.0]
[215, 230, 48, 48, 1.0]
[316, 218, 44, 44, 1.0]
[354, 259, 51, 51, 1.0]
[635, 225, 50, 50, 1.0]
[4, 209, 45, 45, 1.0]
[823, 210, 45, 45, 1.0]
[734, 220, 46, 46, 1.0]
[260, 271, 49, 49, 1.0]
[20, 251, 51, 51, 1.0]
[450, 250, 52, 52, 1.0]
[732, 531, 50, 50, 1.0]
