0_Parade_Parade_0_910.jpg
29
[46, 59, 26, 26, 1.0]
[869, 19, 26, 26, 1.0]
[122, 59, 26, 26, 1.0]
[670, 59, 26, 26, 1.0]
[468, 38, 25, 25, 1.0]
[932, 37, 26, 26, 1.0]
[865, 64, 25, 25, 1.0]
[629, 44, 25, 25, 1.0]
[814, 44, 24, 24, 1.0]
[610, 47, 26, 26, 1.0]
[15, 66, 27, 27, 1.0]
[993, 47, 26, 26, 1.0]
[222, 68, 25, 25, 1.0]
[740, 76, 26, 26, 1.0]
[260, 79, 25, 25, 1.0]
[440, 79, 26, 26, 1.0]
[535, 79, 27, 27, 1.0]
[606, 84, 26, 26, 1.0]
[482, 88, 25, 25, 1.0]
[25, 90, 26, 26, 1.0]
[675, 98, 26, 26, 1.0]
[778, 99, 26, 26, 1.0]
[566, 101, 26, 26, 1.0]
[244, 102, 26, 26, 1.0]
[838, 104, 28, 28, 1.0]
[170, 110, 31, 31, 1.0]
[729, 111, 27, 27, 1.0]
[514, 118, 25, 25, 1.0]
[171, 256, 24, 24, 1.0]
