0_Parade_marchingband_1_349.jpg
28
[90, 130, 25, 25, 1.0]
[785, 136, 26, 26, 1.0]
[371, 143, 24, 24, 1.0]
[483, 9, 74, 74, 1.0]
[964, 187, 26, 26, 1.0]
[905, 192, 27, 27, 1.0]
[344, 196, 25, 25, 1.0]
[273, 201, 25, 25, 1.0]
[116, 202, 26, 26, 1.0]
[541, 217, 25, 25, 1.0]
[201, 224, 25, 25, 1.0]
[278, 232, 26, 26, 1.0]
[622, 233, 25, 25, 1.0]
[345, 241, 26, 26, 1.0]
[696, 228, 27, 27, 1.0]
[407, 243, 25, 25, 1.0]
[471, 247, 26, 26, 1.0]
[447, 271, 27, 27, 1.0]
[511, 287, 27, 27, 1.0]
[611, 292, 26, 26, 1.0]
[704, 293, 26, 26, 1.0]
[560, 296, 25, 25, 1.0]
[660, 299, 25, 25, 1.0]
[88, 298, 28, 28, 1.0]
[894, 300, 25, 25, 1.0]
[471, 256, 49, 49, 1.0]
[176, 285, 64, 64, 1.0]
[489, 409, 28, 28, 1.0]
