0_Parade_marchingband_1_238.jpg
33
[750, 101, 25, 25, 1.0]
[301, 87, 26, 26, 1.0]
[358, 112, 24, 24, 1.0]
[418, 112, 25, 25, 1.0]
[259, 143, 24, 24, 1.0]
[502, 149, 25, 25, 1.0]
[453, 159, 27, 27, 1.0]
[635, 163, 26, 26, 1.0]
[210, 176, 24, 24, 1.0]
[543, 178, 24, 24, 1.0]
[587, 178, 26, 26, 1.0]
[51, 191, 26, 26, 1.0]
[243, 197, 26, 26, 1.0]
[493, 196, 28, 28, 1.0]
[686, 183, 26, 26, 1.0]
[135, 197, 28, 28, 1.0]
[322, 201, 25, 25, 1.0]
[888, 202, 26, 26, 1.0]
[406, 208, 26, 26, 1.0]
[961, 213, 24, 24, 1.0]
[469, 246, 28, 28, 1.0]
[543, 247, 27, 27, 1.0]
[408, 256, 26, 26, 1.0]
[727, 258, 27, 27, 1.0]
[849, 261, 26, 26, 1.0]
[176, 265, 26, 26, 1.0]
[676, 266, 25, 25, 1.0]
[790, 262, 24, 24, 1.0]
[116, 265, 25, 25, 1.0]
[230, 275, 25, 25, 1.0]
[302, 274, 25, 25, 1.0]
[607, 274, 25, 25, 1.0]
[356, 266, 25, 25, 1.0]
