0_Parade_Parade_0_646.jpg
20
[51, 315, 46, 46, 1.0]
[583, 318, 45, 45, 1.0]
[920, 269, 47, 47, 1.0]
[745, 309, 54, 54, 1.0]
[943, 311, 53, 53, 1.0]
[163, 297, 55, 55, 1.0]
[840, 327, 48, 48, 1.0]
[746, 297, 88, 88, 1.0]
[307, 328, 45, 45, 1.0]
[470, 327, 51, 51, 1.0]
[96, 334, 51, 51, 1.0]
[223, 310, 55, 55, 1.0]
[180, 298, 58, 58, 1.0]
[836, 407, 62, 62, 1.0]
[238, 304, 64, 64, 1.0]
[822, 375, 72, 72, 1.0]
[427, 298, 61, 61, 1.0]
[139, 572, 51, 51, 1.0]
[646, 446, 59, 59, 1.0]
[697, 609, 53, 53, 1.0]
