0_Parade_marchingband_1_258.jpg
34
[720, 250, 27, 27, 1.0]
[178, 291, 31, 31, 1.0]
[135, 311, 25, 25, 1.0]
[796, 302, 28, 28, 1.0]
[560, 311, 25, 25, 1.0]
[460, 315, 31, 31, 1.0]
[314, 316, 31, 31, 1.0]
[362, 319, 26, 26, 1.0]
[847, 319, 27, 27, 1.0]
[405, 326, 26, 26, 1.0]
[605, 326, 25, 25, 1.0]
[696, 328, 26, 26, 1.0]
[359, 272, 26, 26, 1.0]
[606, 278, 26, 26, 1.0]
[723, 279, 25, 25, 1.0]
[757, 280, 26, 26, 1.0]
[401, 365, 28, 28, 1.0]
[142, 366, 29, 29, 1.0]
[222, 371, 24, 24, 1.0]
[646, 369, 28, 28, 1.0]
[799, 371, 27, 27, 1.0]
[459, 372, 27, 27, 1.0]
[359, 378, 25, 25, 1.0]
[849, 384, 25, 25, 1.0]
[685, 442, 27, 27, 1.0]
[275, 448, 26, 26, 1.0]
[192, 448, 28, 28, 1.0]
[510, 449, 27, 27, 1.0]
[326, 452, 26, 26, 1.0]
[452, 452, 27, 27, 1.0]
[563, 451, 29, 29, 1.0]
[626, 453, 25, 25, 1.0]
[798, 454, 26, 26, 1.0]
[385, 460, 28, 28, 1.0]
