0_Parade_Parade_0_943.jpg
26
[241, 54, 66, 66, 1.0]
[930, 117, 71, 71, 1.0]
[767, 24, 49, 49, 1.0]
[924, 232, 82, 82, 1.0]
[547, 116, 97, 97, 1.0]
[389, 121, 94, 94, 1.0]
[722, 87, 80, 80, 1.0]
[70, 63, 90, 90, 1.0]
[370, 419, 70, 70, 1.0]
[565, 426, 78, 78, 1.0]
[45, 408, 82, 82, 1.0]
[725, 415, 94, 94, 1.0]
[902, 414, 96, 96, 1.0]
[229, 389, 143, 143, 1.0]
[371, 573, 29, 29, 1.0]
[48, 751, 82, 82, 1.0]
[367, 731, 120, 120, 1.0]
[882, 737, 130, 130, 1.0]
[677, 773, 116, 116, 1.0]
[185, 814, 108, 108, 1.0]
[902, 1064, 109, 109, 1.0]
[719, 1076, 114, 114, 1.0]
[538, 1092, 114, 114, 1.0]
[370, 1118, 83, 83, 1.0]
[49, 1128, 84, 84, 1.0]
[187, 1084, 106, 106, 1.0]
