0_Parade_Parade_0_177.jpg
44
[965, 220, 25, 25, 1.0]
[921, 249, 28, 28, 1.0]
[833, 258, 27, 27, 1.0]
[356, 266, 24, 24, 1.0]
[747, 267, 25, 25, 1.0]
[461, 269, 26, 26, 1.0]
[157, 276, 26, 26, 1.0]
[702, 278, 28, 28, 1.0]
[95, 275, 35, 35, 1.0]
[781, 288, 25, 25, 1.0]
[662, 292, 27, 27, 1.0]
[499, 293, 28, 28, 1.0]
[322, 296, 28, 28, 1.0]
[244, 311, 29, 29, 1.0]
[361, 308, 31, 31, 1.0]
[797, 302, 30, 30, 1.0]
[97, 314, 32, 32, 1.0]
[882, 303, 28, 28, 1.0]
[179, 321, 39, 39, 1.0]
[1, 298, 34, 34, 1.0]
[268, 343, 40, 40, 1.0]
[837, 319, 36, 36, 1.0]
[339, 349, 35, 35, 1.0]
[948, 313, 43, 43, 1.0]
[423, 322, 41, 41, 1.0]
[744, 374, 32, 32, 1.0]
[648, 346, 38, 38, 1.0]
[508, 355, 41, 41, 1.0]
[866, 344, 39, 39, 1.0]
[619, 401, 46, 46, 1.0]
[691, 402, 45, 45, 1.0]
[828, 396, 57, 57, 1.0]
[416, 371, 54, 54, 1.0]
[197, 402, 49, 49, 1.0]
[540, 396, 58, 58, 1.0]
[53, 408, 49, 49, 1.0]
[748, 413, 38, 38, 1.0]
[658, 442, 54, 54, 1.0]
[716, 462, 51, 51, 1.0]
[287, 440, 50, 50, 1.0]
[554, 487, 49, 49, 1.0]
[853, 508, 61, 61, 1.0]
[322, 485, 59, 59, 1.0]
[179, 492, 59, 59, 1.0]
