0_Parade_marchingband_1_876.jpg
20
[470, 265, 25, 25, 1.0]
[175, 287, 28, 28, 1.0]
[888, 290, 29, 29, 1.0]
[249, 298, 24, 24, 1.0]
[726, 312, 24, 24, 1.0]
[768, 299, 26, 26, 1.0]
[507, 301, 25, 25, 1.0]
[529, 301, 24, 24, 1.0]
[825, 320, 26, 26, 1.0]
[290, 277, 26, 26, 1.0]
[953, 304, 26, 26, 1.0]
[511, 364, 25, 25, 1.0]
[264, 386, 26, 26, 1.0]
[745, 392, 26, 26, 1.0]
[848, 402, 28, 28, 1.0]
[597, 309, 64, 64, 1.0]
[765, 421, 26, 26, 1.0]
[208, 422, 28, 28, 1.0]
[514, 423, 28, 28, 1.0]
[870, 446, 56, 56, 1.0]
