0_Parade_marchingband_1_820.jpg
22
[495, 245, 29, 29, 1.0]
[435, 236, 26, 26, 1.0]
[666, 222, 30, 30, 1.0]
[398, 252, 31, 31, 1.0]
[117, 256, 27, 27, 1.0]
[56, 258, 27, 27, 1.0]
[326, 259, 31, 31, 1.0]
[862, 304, 49, 49, 1.0]
[714, 286, 27, 27, 1.0]
[458, 335, 46, 46, 1.0]
[784, 336, 49, 49, 1.0]
[156, 285, 51, 51, 1.0]
[826, 357, 48, 48, 1.0]
[684, 360, 60, 60, 1.0]
[694, 325, 51, 51, 1.0]
[183, 406, 57, 57, 1.0]
[454, 388, 59, 59, 1.0]
[314, 410, 51, 51, 1.0]
[426, 467, 51, 51, 1.0]
[74, 423, 51, 51, 1.0]
[236, 432, 58, 58, 1.0]
[742, 401, 68, 68, 1.0]
