0_Parade_marchingband_1_918.jpg
41
[597, 39, 66, 66, 1.0]
[672, 264, 24, 24, 1.0]
[131, 264, 25, 25, 1.0]
[715, 264, 26, 26, 1.0]
[76, 266, 25, 25, 1.0]
[525, 281, 24, 24, 1.0]
[916, 266, 25, 25, 1.0]
[804, 268, 24, 24, 1.0]
[212, 321, 25, 25, 1.0]
[471, 319, 25, 25, 1.0]
[346, 321, 26, 26, 1.0]
[528, 322, 25, 25, 1.0]
[586, 321, 25, 25, 1.0]
[856, 326, 24, 24, 1.0]
[649, 327, 24, 24, 1.0]
[718, 325, 25, 25, 1.0]
[771, 328, 24, 24, 1.0]
[501, 357, 26, 26, 1.0]
[865, 370, 27, 27, 1.0]
[757, 375, 27, 27, 1.0]
[210, 362, 26, 26, 1.0]
[174, 376, 26, 26, 1.0]
[373, 362, 26, 26, 1.0]
[260, 380, 26, 26, 1.0]
[332, 380, 27, 27, 1.0]
[727, 364, 26, 26, 1.0]
[694, 380, 25, 25, 1.0]
[126, 366, 25, 25, 1.0]
[433, 366, 25, 25, 1.0]
[471, 381, 28, 28, 1.0]
[831, 382, 26, 26, 1.0]
[899, 383, 26, 26, 1.0]
[397, 384, 26, 26, 1.0]
[534, 384, 26, 26, 1.0]
[567, 360, 25, 25, 1.0]
[607, 384, 25, 25, 1.0]
[637, 363, 24, 24, 1.0]
[48, 432, 30, 30, 1.0]
[188, 393, 67, 67, 1.0]
[115, 405, 54, 54, 1.0]
[488, 390, 65, 65, 1.0]
