0_Parade_marchingband_1_181.jpg
30
[747, 275, 26, 26, 1.0]
[594, 287, 26, 26, 1.0]
[863, 280, 27, 27, 1.0]
[435, 291, 25, 25, 1.0]
[774, 297, 27, 27, 1.0]
[921, 297, 31, 31, 1.0]
[460, 305, 26, 26, 1.0]
[542, 311, 26, 26, 1.0]
[973, 305, 34, 34, 1.0]
[106, 318, 27, 27, 1.0]
[454, 336, 28, 28, 1.0]
[408, 320, 25, 25, 1.0]
[614, 319, 26, 26, 1.0]
[525, 339, 25, 25, 1.0]
[670, 338, 27, 27, 1.0]
[802, 320, 29, 29, 1.0]
[492, 342, 24, 24, 1.0]
[584, 362, 25, 25, 1.0]
[406, 366, 26, 26, 1.0]
[371, 374, 26, 26, 1.0]
[440, 382, 26, 26, 1.0]
[335, 376, 28, 28, 1.0]
[76, 387, 30, 30, 1.0]
[506, 388, 28, 28, 1.0]
[381, 425, 28, 28, 1.0]
[572, 399, 27, 27, 1.0]
[718, 374, 30, 30, 1.0]
[649, 379, 51, 51, 1.0]
[766, 388, 34, 34, 1.0]
[329, 441, 28, 28, 1.0]
