0_Parade_marchingband_1_289.jpg
32
[656, 222, 26, 26, 1.0]
[494, 296, 27, 27, 1.0]
[745, 254, 33, 33, 1.0]
[588, 358, 49, 49, 1.0]
[783, 369, 37, 37, 1.0]
[804, 470, 35, 35, 1.0]
[889, 442, 45, 45, 1.0]
[772, 351, 57, 57, 1.0]
[194, 528, 34, 34, 1.0]
[922, 529, 44, 44, 1.0]
[322, 542, 41, 41, 1.0]
[697, 594, 38, 38, 1.0]
[799, 592, 42, 42, 1.0]
[912, 585, 48, 48, 1.0]
[447, 617, 49, 49, 1.0]
[64, 615, 53, 53, 1.0]
[320, 622, 41, 41, 1.0]
[565, 623, 49, 49, 1.0]
[143, 630, 45, 45, 1.0]
[209, 629, 45, 45, 1.0]
[672, 642, 40, 40, 1.0]
[922, 637, 45, 45, 1.0]
[788, 655, 49, 49, 1.0]
[250, 747, 74, 74, 1.0]
[472, 727, 69, 69, 1.0]
[719, 754, 68, 68, 1.0]
[920, 860, 54, 54, 1.0]
[722, 838, 123, 123, 1.0]
[296, 746, 86, 86, 1.0]
[462, 822, 113, 113, 1.0]
[841, 1016, 59, 59, 1.0]
[921, 979, 94, 94, 1.0]
