0_Parade_marchingband_1_500.jpg
25
[649, 164, 26, 26, 1.0]
[270, 205, 25, 25, 1.0]
[467, 203, 27, 27, 1.0]
[548, 244, 26, 26, 1.0]
[934, 270, 25, 25, 1.0]
[360, 224, 24, 24, 1.0]
[425, 224, 25, 25, 1.0]
[256, 248, 25, 25, 1.0]
[857, 271, 28, 28, 1.0]
[497, 213, 24, 24, 1.0]
[118, 252, 25, 25, 1.0]
[623, 252, 26, 26, 1.0]
[82, 277, 25, 25, 1.0]
[585, 229, 24, 24, 1.0]
[688, 286, 27, 27, 1.0]
[396, 255, 25, 25, 1.0]
[220, 293, 27, 27, 1.0]
[770, 297, 27, 27, 1.0]
[26, 300, 26, 26, 1.0]
[136, 299, 26, 26, 1.0]
[440, 301, 28, 28, 1.0]
[523, 302, 25, 25, 1.0]
[358, 317, 26, 26, 1.0]
[432, 178, 31, 31, 1.0]
[274, 495, 85, 85, 1.0]
