0_Parade_marchingband_1_707.jpg
23
[910, 219, 31, 31, 1.0]
[647, 228, 28, 28, 1.0]
[121, 232, 29, 29, 1.0]
[697, 264, 27, 27, 1.0]
[769, 236, 30, 30, 1.0]
[845, 236, 31, 31, 1.0]
[507, 255, 24, 24, 1.0]
[199, 263, 29, 29, 1.0]
[321, 252, 28, 28, 1.0]
[304, 330, 28, 28, 1.0]
[389, 334, 26, 26, 1.0]
[518, 322, 26, 26, 1.0]
[599, 325, 24, 24, 1.0]
[441, 327, 26, 26, 1.0]
[776, 314, 33, 33, 1.0]
[728, 330, 31, 31, 1.0]
[271, 350, 34, 34, 1.0]
[620, 339, 31, 31, 1.0]
[699, 337, 33, 33, 1.0]
[816, 315, 42, 42, 1.0]
[403, 378, 27, 27, 1.0]
[128, 358, 34, 34, 1.0]
[521, 399, 30, 30, 1.0]
