0_Parade_marchingband_1_228.jpg
25
[236, 68, 26, 26, 1.0]
[437, 31, 24, 24, 1.0]
[488, 62, 26, 26, 1.0]
[484, 30, 27, 27, 1.0]
[144, 67, 24, 24, 1.0]
[500, 40, 71, 71, 1.0]
[400, 107, 52, 52, 1.0]
[273, 187, 24, 24, 1.0]
[451, 103, 57, 57, 1.0]
[883, 212, 26, 26, 1.0]
[151, 216, 26, 26, 1.0]
[35, 221, 25, 25, 1.0]
[491, 222, 25, 25, 1.0]
[92, 233, 25, 25, 1.0]
[266, 250, 24, 24, 1.0]
[810, 279, 24, 24, 1.0]
[118, 279, 31, 31, 1.0]
[183, 287, 25, 25, 1.0]
[751, 287, 24, 24, 1.0]
[296, 293, 24, 24, 1.0]
[352, 293, 24, 24, 1.0]
[519, 297, 25, 25, 1.0]
[406, 300, 25, 25, 1.0]
[919, 322, 25, 25, 1.0]
[54, 331, 24, 24, 1.0]
