4_Dancing_Dancing_4_489.jpg
33
933 9 28 28 1.0
294 65 51 51 1.0
755 42 39 39 1.0
340 80 49 49 1.0
802 21 42 42 1.0
415 58 53 53 1.0
524 61 50 50 1.0
902 44 44 44 1.0
609 77 52 52 1.0
181 77 54 54 1.0
881 104 43 43 1.0
478 108 48 48 1.0
822 112 45 45 1.0
913 137 51 51 1.0
122 115 58 58 1.0
394 123 57 57 1.0
683 26 54 54 1.0
246 128 57 57 1.0
660 99 57 57 1.0
746 108 52 52 1.0
556 136 50 50 1.0
172 97 79 79 1.0
186 137 59 59 1.0
595 212 60 60 1.0
536 232 58 58 1.0
771 239 57 57 1.0
389 243 52 52 1.0
169 239 60 60 1.0
271 242 56 56 1.0
698 283 55 55 1.0
902 247 69 69 1.0
383 366 144 144 1.0
900 441 56 56 1.0
