4_Dancing_Dancing_4_840.jpg
30
[322, 187, 28, 28, 1.0]
[238, 193, 37, 37, 1.0]
[394, 208, 34, 34, 1.0]
[711, 212, 34, 34, 1.0]
[144, 198, 31, 31, 1.0]
[98, 216, 40, 40, 1.0]
[272, 220, 31, 31, 1.0]
[804, 218, 39, 39, 1.0]
[480, 205, 34, 34, 1.0]
[160, 237, 33, 33, 1.0]
[757, 227, 32, 32, 1.0]
[666, 232, 31, 31, 1.0]
[511, 234, 32, 32, 1.0]
[871, 246, 31, 31, 1.0]
[360, 216, 34, 34, 1.0]
[540, 222, 35, 35, 1.0]
[324, 230, 30, 30, 1.0]
[924, 228, 36, 36, 1.0]
[618, 232, 38, 38, 1.0]
[570, 235, 35, 35, 1.0]
[225, 241, 32, 32, 1.0]
[435, 226, 38, 38, 1.0]
[422, 204, 52, 52, 1.0]
[342, 312, 35, 35, 1.0]
[463, 315, 44, 44, 1.0]
[559, 326, 33, 33, 1.0]
[132, 206, 66, 66, 1.0]
[774, 329, 95, 95, 1.0]
[554, 407, 60, 60, 1.0]
[281, 382, 157, 157, 1.0]
