37_Soccer_Soccer_37_526.jpg
22
[425, 156, 28, 28, 1.0]
[510, 159, 27, 27, 1.0]
[384, 161, 27, 27, 1.0]
[341, 166, 26, 26, 1.0]
[564, 166, 26, 26, 1.0]
[594, 166, 25, 25, 1.0]
[635, 166, 27, 27, 1.0]
[297, 169, 26, 26, 1.0]
[93, 179, 24, 24, 1.0]
[705, 167, 28, 28, 1.0]
[787, 181, 25, 25, 1.0]
[811, 179, 28, 28, 1.0]
[252, 170, 26, 26, 1.0]
[665, 169, 27, 27, 1.0]
[845, 185, 25, 25, 1.0]
[157, 173, 27, 27, 1.0]
[731, 172, 26, 26, 1.0]
[215, 173, 26, 26, 1.0]
[459, 173, 27, 27, 1.0]
[130, 175, 27, 27, 1.0]
[757, 176, 25, 25, 1.0]
[689, 179, 72, 72, 1.0]
