37_Soccer_Soccer_37_767.jpg
25
[910, 114, 27, 27, 1.0]
[559, 134, 27, 27, 1.0]
[486, 135, 27, 27, 1.0]
[648, 136, 26, 26, 1.0]
[418, 138, 26, 26, 1.0]
[701, 140, 26, 26, 1.0]
[206, 154, 28, 28, 1.0]
[835, 146, 26, 26, 1.0]
[338, 148, 25, 25, 1.0]
[128, 149, 27, 27, 1.0]
[282, 151, 26, 26, 1.0]
[498, 207, 28, 28, 1.0]
[634, 211, 28, 28, 1.0]
[695, 212, 26, 26, 1.0]
[763, 206, 26, 26, 1.0]
[569, 212, 27, 27, 1.0]
[905, 212, 27, 27, 1.0]
[138, 224, 27, 27, 1.0]
[429, 215, 27, 27, 1.0]
[209, 226, 27, 27, 1.0]
[835, 219, 26, 26, 1.0]
[357, 219, 28, 28, 1.0]
[59, 228, 28, 28, 1.0]
[289, 231, 25, 25, 1.0]
[850, 223, 51, 51, 1.0]
