37_Soccer_soccer_ball_37_882.jpg
22
[310, 316, 35, 35, 1.0]
[494, 315, 38, 38, 1.0]
[551, 316, 32, 32, 1.0]
[675, 317, 31, 31, 1.0]
[640, 325, 32, 32, 1.0]
[257, 327, 32, 32, 1.0]
[595, 333, 31, 31, 1.0]
[920, 330, 31, 31, 1.0]
[168, 332, 32, 32, 1.0]
[851, 336, 34, 34, 1.0]
[782, 332, 29, 29, 1.0]
[72, 341, 27, 27, 1.0]
[814, 343, 30, 30, 1.0]
[441, 323, 36, 36, 1.0]
[39, 345, 31, 31, 1.0]
[885, 345, 31, 31, 1.0]
[353, 319, 32, 32, 1.0]
[208, 334, 35, 35, 1.0]
[100, 336, 35, 35, 1.0]
[727, 334, 42, 42, 1.0]
[137, 337, 30, 30, 1.0]
[951, 346, 36, 36, 1.0]
