37_Soccer_soccer_ball_37_619.jpg
36
[173, 66, 26, 26, 1.0]
[1, 94, 27, 27, 1.0]
[504, 5, 28, 28, 1.0]
[124, 136, 31, 31, 1.0]
[441, 40, 26, 26, 1.0]
[193, 124, 28, 28, 1.0]
[543, 161, 28, 28, 1.0]
[326, 45, 26, 26, 1.0]
[485, 52, 26, 26, 1.0]
[260, 53, 26, 26, 1.0]
[675, 55, 27, 27, 1.0]
[591, 62, 27, 27, 1.0]
[25, 175, 31, 31, 1.0]
[342, 181, 28, 28, 1.0]
[746, 175, 28, 28, 1.0]
[250, 196, 26, 26, 1.0]
[294, 196, 28, 28, 1.0]
[123, 204, 28, 28, 1.0]
[551, 192, 28, 28, 1.0]
[875, 245, 27, 27, 1.0]
[978, 271, 30, 30, 1.0]
[537, 272, 29, 29, 1.0]
[184, 198, 29, 29, 1.0]
[411, 199, 30, 30, 1.0]
[707, 276, 29, 29, 1.0]
[793, 283, 26, 26, 1.0]
[78, 295, 26, 26, 1.0]
[217, 295, 27, 27, 1.0]
[52, 302, 29, 29, 1.0]
[410, 305, 26, 26, 1.0]
[436, 295, 34, 34, 1.0]
[675, 315, 31, 31, 1.0]
[172, 320, 30, 30, 1.0]
[117, 328, 28, 28, 1.0]
[756, 380, 28, 28, 1.0]
[557, 351, 35, 35, 1.0]
