37_Soccer_soccer_ball_37_780.jpg
25
[686, 213, 43, 43, 1.0]
[904, 250, 42, 42, 1.0]
[571, 215, 48, 48, 1.0]
[187, 223, 41, 41, 1.0]
[454, 226, 41, 41, 1.0]
[74, 237, 35, 35, 1.0]
[328, 237, 36, 36, 1.0]
[794, 237, 38, 38, 1.0]
[58, 314, 44, 44, 1.0]
[682, 314, 39, 39, 1.0]
[176, 321, 43, 43, 1.0]
[907, 330, 45, 45, 1.0]
[317, 335, 39, 39, 1.0]
[792, 334, 43, 43, 1.0]
[43, 272, 101, 101, 1.0]
[687, 419, 46, 46, 1.0]
[566, 428, 36, 36, 1.0]
[450, 430, 38, 38, 1.0]
[27, 427, 47, 47, 1.0]
[810, 435, 41, 41, 1.0]
[166, 425, 48, 48, 1.0]
[314, 435, 50, 50, 1.0]
[923, 435, 46, 46, 1.0]
[288, 477, 100, 100, 1.0]
[744, 668, 46, 46, 1.0]
