37_Soccer_Soccer_37_805.jpg
20
[415, 267, 32, 32, 1.0]
[196, 210, 47, 47, 1.0]
[750, 207, 46, 46, 1.0]
[461, 267, 33, 33, 1.0]
[621, 253, 39, 39, 1.0]
[94, 174, 65, 65, 1.0]
[333, 255, 38, 38, 1.0]
[277, 247, 40, 40, 1.0]
[776, 251, 47, 47, 1.0]
[673, 218, 48, 48, 1.0]
[561, 222, 42, 42, 1.0]
[484, 261, 40, 40, 1.0]
[851, 249, 55, 55, 1.0]
[195, 334, 47, 47, 1.0]
[446, 365, 48, 48, 1.0]
[73, 409, 38, 38, 1.0]
[357, 407, 47, 47, 1.0]
[752, 430, 58, 58, 1.0]
[110, 532, 28, 28, 1.0]
[966, 479, 57, 57, 1.0]
