37_Soccer_soccer_ball_37_715.jpg
28
[981, 317, 29, 29, 1.0]
[770, 320, 30, 30, 1.0]
[163, 322, 30, 30, 1.0]
[88, 325, 31, 31, 1.0]
[225, 327, 30, 30, 1.0]
[708, 325, 30, 30, 1.0]
[415, 328, 33, 33, 1.0]
[293, 332, 31, 31, 1.0]
[5, 337, 29, 29, 1.0]
[832, 338, 30, 30, 1.0]
[568, 342, 27, 27, 1.0]
[360, 344, 29, 29, 1.0]
[901, 341, 31, 31, 1.0]
[631, 333, 34, 34, 1.0]
[494, 334, 35, 35, 1.0]
[61, 455, 30, 30, 1.0]
[480, 456, 31, 31, 1.0]
[841, 455, 30, 30, 1.0]
[205, 458, 31, 31, 1.0]
[945, 456, 35, 35, 1.0]
[140, 463, 32, 32, 1.0]
[573, 466, 32, 32, 1.0]
[53, 365, 68, 68, 1.0]
[474, 374, 70, 70, 1.0]
[530, 432, 86, 86, 1.0]
[751, 467, 30, 30, 1.0]
[294, 470, 38, 38, 1.0]
[388, 474, 26, 26, 1.0]
