37_Soccer_soccer_ball_37_838.jpg
39
[401, 117, 51, 51, 1.0]
[681, 318, 84, 84, 1.0]
[167, 413, 24, 24, 1.0]
[525, 459, 25, 25, 1.0]
[234, 467, 26, 26, 1.0]
[273, 472, 25, 25, 1.0]
[461, 505, 26, 26, 1.0]
[894, 514, 28, 28, 1.0]
[41, 524, 26, 26, 1.0]
[503, 500, 26, 26, 1.0]
[392, 463, 34, 34, 1.0]
[635, 342, 51, 51, 1.0]
[861, 569, 29, 29, 1.0]
[136, 581, 26, 26, 1.0]
[721, 582, 28, 28, 1.0]
[228, 588, 28, 28, 1.0]
[790, 590, 26, 26, 1.0]
[912, 542, 27, 27, 1.0]
[174, 594, 29, 29, 1.0]
[200, 574, 24, 24, 1.0]
[370, 548, 26, 26, 1.0]
[772, 616, 26, 26, 1.0]
[876, 643, 28, 28, 1.0]
[935, 626, 30, 30, 1.0]
[179, 649, 28, 28, 1.0]
[567, 659, 30, 30, 1.0]
[347, 661, 28, 28, 1.0]
[979, 663, 27, 27, 1.0]
[34, 678, 26, 26, 1.0]
[621, 678, 29, 29, 1.0]
[890, 681, 26, 26, 1.0]
[767, 682, 28, 28, 1.0]
[313, 686, 27, 27, 1.0]
[290, 720, 26, 26, 1.0]
[568, 710, 29, 29, 1.0]
[610, 713, 29, 29, 1.0]
[814, 711, 30, 30, 1.0]
[466, 714, 30, 30, 1.0]
[99, 734, 28, 28, 1.0]
