37_Soccer_soccer_ball_37_193.jpg
20
[750, 186, 30, 30, 1.0]
[487, 220, 30, 30, 1.0]
[351, 221, 30, 30, 1.0]
[422, 211, 31, 31, 1.0]
[194, 211, 32, 32, 1.0]
[628, 233, 29, 29, 1.0]
[835, 204, 34, 34, 1.0]
[287, 238, 32, 32, 1.0]
[678, 244, 31, 31, 1.0]
[284, 304, 33, 33, 1.0]
[625, 309, 32, 32, 1.0]
[468, 312, 33, 33, 1.0]
[703, 311, 33, 33, 1.0]
[546, 313, 33, 33, 1.0]
[382, 302, 33, 33, 1.0]
[668, 400, 34, 34, 1.0]
[565, 400, 32, 32, 1.0]
[315, 426, 31, 31, 1.0]
[205, 405, 35, 35, 1.0]
[449, 408, 33, 33, 1.0]
