37_Soccer_soccer_ball_37_114.jpg
26
519 153 30 30 1.0
829 163 32 32 1.0
121 147 38 38 1.0
497 233 35 35 1.0
671 154 35 35 1.0
361 161 37 37 1.0
233 257 43 43 1.0
288 164 34 34 1.0
218 176 34 34 1.0
407 241 41 41 1.0
438 152 36 36 1.0
770 254 34 34 1.0
735 157 36 36 1.0
679 257 38 38 1.0
888 254 39 39 1.0
606 156 37 37 1.0
324 243 35 35 1.0
70 252 37 37 1.0
599 273 37 37 1.0
156 259 39 39 1.0
259 362 41 41 1.0
501 346 42 42 1.0
751 362 46 46 1.0
382 352 40 40 1.0
637 352 48 48 1.0
129 366 47 47 1.0
