37_Soccer_soccer_ball_37_674.jpg
24
[451, 135, 31, 31, 1.0]
[159, 155, 32, 32, 1.0]
[780, 153, 34, 34, 1.0]
[367, 144, 33, 33, 1.0]
[300, 150, 35, 35, 1.0]
[525, 130, 35, 35, 1.0]
[649, 139, 41, 41, 1.0]
[230, 153, 34, 34, 1.0]
[720, 146, 40, 40, 1.0]
[846, 154, 42, 42, 1.0]
[511, 301, 37, 37, 1.0]
[419, 303, 38, 38, 1.0]
[603, 313, 37, 37, 1.0]
[933, 318, 36, 36, 1.0]
[63, 322, 35, 35, 1.0]
[851, 317, 45, 45, 1.0]
[148, 324, 34, 34, 1.0]
[683, 322, 39, 39, 1.0]
[771, 324, 38, 38, 1.0]
[223, 326, 40, 40, 1.0]
[322, 328, 40, 40, 1.0]
[761, 446, 57, 57, 1.0]
[474, 300, 124, 124, 1.0]
[44, 546, 55, 55, 1.0]
