37_Soccer_soccer_ball_37_131.jpg
20
[366, 199, 40, 40, 1.0]
[289, 205, 36, 36, 1.0]
[720, 207, 36, 36, 1.0]
[551, 209, 39, 39, 1.0]
[199, 211, 44, 44, 1.0]
[798, 217, 42, 42, 1.0]
[109, 225, 37, 37, 1.0]
[642, 222, 38, 38, 1.0]
[292, 315, 35, 35, 1.0]
[637, 342, 41, 41, 1.0]
[472, 335, 38, 38, 1.0]
[549, 334, 47, 47, 1.0]
[386, 319, 34, 34, 1.0]
[217, 318, 37, 37, 1.0]
[821, 346, 38, 38, 1.0]
[724, 348, 42, 42, 1.0]
[532, 429, 58, 58, 1.0]
[72, 406, 98, 98, 1.0]
[661, 476, 59, 59, 1.0]
[100, 482, 54, 54, 1.0]
