25_Soldier_Patrol_Soldier_Patrol_25_769.jpg
21
[826, 217, 34, 34, 1.0]
[287, 207, 31, 31, 1.0]
[351, 206, 29, 29, 1.0]
[469, 208, 33, 33, 1.0]
[702, 226, 30, 30, 1.0]
[431, 215, 34, 34, 1.0]
[213, 207, 33, 33, 1.0]
[574, 221, 33, 33, 1.0]
[635, 221, 37, 37, 1.0]
[527, 231, 33, 33, 1.0]
[127, 206, 38, 38, 1.0]
[772, 205, 35, 35, 1.0]
[351, 324, 37, 37, 1.0]
[194, 310, 43, 43, 1.0]
[444, 341, 31, 31, 1.0]
[622, 347, 32, 32, 1.0]
[718, 348, 33, 33, 1.0]
[527, 363, 34, 34, 1.0]
[766, 274, 66, 66, 1.0]
[761, 339, 48, 48, 1.0]
[413, 518, 54, 54, 1.0]
