38_Tennis_Tennis_38_371.jpg
28
565 196 29 29 1.0
651 196 29 29 1.0
783 196 33 33 1.0
228 199 30 30 1.0
727 187 29 29 1.0
487 201 30 30 1.0
876 188 30 30 1.0
320 205 30 30 1.0
813 190 28 28 1.0
410 205 29 29 1.0
608 216 31 31 1.0
525 212 28 28 1.0
127 199 31 31 1.0
168 188 37 37 1.0
275 199 32 32 1.0
440 213 35 35 1.0
378 211 31 31 1.0
692 188 35 35 1.0
563 286 38 38 1.0
341 297 34 34 1.0
435 301 34 34 1.0
662 280 34 34 1.0
758 283 40 40 1.0
469 367 41 41 1.0
226 193 108 108 1.0
545 374 41 41 1.0
545 472 57 57 1.0
725 355 116 116 1.0
