38_Tennis_Tennis_38_635.jpg
30
[66, 75, 44, 44, 1.0]
[585, 82, 38, 38, 1.0]
[394, 94, 35, 35, 1.0]
[628, 95, 37, 37, 1.0]
[485, 72, 35, 35, 1.0]
[863, 93, 37, 37, 1.0]
[167, 85, 38, 38, 1.0]
[708, 92, 46, 46, 1.0]
[676, 106, 34, 34, 1.0]
[285, 144, 47, 47, 1.0]
[301, 105, 35, 35, 1.0]
[208, 93, 48, 48, 1.0]
[351, 101, 41, 41, 1.0]
[799, 96, 44, 44, 1.0]
[526, 102, 44, 44, 1.0]
[441, 99, 44, 44, 1.0]
[294, 200, 45, 45, 1.0]
[486, 201, 42, 42, 1.0]
[387, 206, 45, 45, 1.0]
[702, 201, 51, 51, 1.0]
[595, 205, 51, 51, 1.0]
[841, 206, 48, 48, 1.0]
[576, 287, 48, 48, 1.0]
[174, 214, 82, 82, 1.0]
[438, 311, 51, 51, 1.0]
[21, 185, 134, 134, 1.0]
[175, 318, 48, 48, 1.0]
[813, 318, 53, 53, 1.0]
[728, 334, 59, 59, 1.0]
[243, 436, 32, 32, 1.0]
