38_Tennis_Tennis_38_788.jpg
23
[390, 106, 27, 27, 1.0]
[344, 128, 28, 28, 1.0]
[222, 137, 28, 28, 1.0]
[640, 126, 29, 29, 1.0]
[511, 140, 28, 28, 1.0]
[408, 129, 29, 29, 1.0]
[287, 141, 28, 28, 1.0]
[483, 140, 28, 28, 1.0]
[786, 141, 33, 33, 1.0]
[555, 164, 29, 29, 1.0]
[364, 180, 31, 31, 1.0]
[445, 168, 30, 30, 1.0]
[692, 110, 37, 37, 1.0]
[707, 153, 32, 32, 1.0]
[508, 217, 30, 30, 1.0]
[302, 195, 31, 31, 1.0]
[781, 218, 33, 33, 1.0]
[696, 227, 29, 29, 1.0]
[125, 230, 34, 34, 1.0]
[531, 238, 31, 31, 1.0]
[472, 323, 32, 32, 1.0]
[381, 310, 33, 33, 1.0]
[814, 313, 35, 35, 1.0]
