30_Surgeons_Surgeons_30_803.jpg
22
[170, 336, 39, 39, 1.0]
[387, 357, 30, 30, 1.0]
[794, 357, 32, 32, 1.0]
[262, 350, 33, 33, 1.0]
[624, 364, 33, 33, 1.0]
[115, 336, 37, 37, 1.0]
[744, 368, 35, 35, 1.0]
[834, 370, 32, 32, 1.0]
[294, 348, 33, 33, 1.0]
[470, 364, 34, 34, 1.0]
[354, 359, 36, 36, 1.0]
[518, 384, 35, 35, 1.0]
[551, 360, 30, 30, 1.0]
[679, 383, 34, 34, 1.0]
[439, 366, 35, 35, 1.0]
[594, 391, 37, 37, 1.0]
[228, 337, 136, 136, 1.0]
[299, 477, 112, 112, 1.0]
[208, 482, 105, 105, 1.0]
[815, 492, 81, 81, 1.0]
[657, 537, 86, 86, 1.0]
[304, 554, 87, 87, 1.0]
