7_Cheering_Cheering_7_451.jpg
37
[703, 22, 26, 26, 1.0]
[952, 129, 31, 31, 1.0]
[151, 133, 26, 26, 1.0]
[156, 25, 24, 24, 1.0]
[495, 24, 28, 28, 1.0]
[699, 91, 27, 27, 1.0]
[787, 21, 29, 29, 1.0]
[624, 115, 29, 29, 1.0]
[858, 80, 26, 26, 1.0]
[192, 57, 28, 28, 1.0]
[582, 123, 26, 26, 1.0]
[964, 19, 27, 27, 1.0]
[625, 36, 29, 29, 1.0]
[294, 31, 29, 29, 1.0]
[263, 54, 33, 33, 1.0]
[835, 18, 32, 32, 1.0]
[0, 139, 34, 34, 1.0]
[969, 16, 34, 34, 1.0]
[980, 149, 41, 41, 1.0]
[390, 179, 27, 27, 1.0]
[34, 206, 32, 32, 1.0]
[396, 219, 29, 29, 1.0]
[142, 255, 32, 32, 1.0]
[882, 195, 30, 30, 1.0]
[978, 286, 25, 25, 1.0]
[56, 302, 26, 26, 1.0]
[891, 193, 37, 37, 1.0]
[852, 246, 39, 39, 1.0]
[221, 224, 52, 52, 1.0]
[240, 223, 56, 56, 1.0]
[456, 322, 32, 32, 1.0]
[980, 328, 27, 27, 1.0]
[301, 336, 28, 28, 1.0]
[349, 352, 27, 27, 1.0]
[160, 344, 26, 26, 1.0]
[540, 317, 34, 34, 1.0]
[438, 530, 27, 27, 1.0]
