7_Cheering_Cheering_7_143.jpg
25
[669, 45, 45, 45, 1.0]
[691, 105, 58, 58, 1.0]
[199, 102, 58, 58, 1.0]
[360, 85, 57, 57, 1.0]
[882, 67, 59, 59, 1.0]
[557, 82, 63, 63, 1.0]
[865, 182, 66, 66, 1.0]
[469, 293, 60, 60, 1.0]
[625, 221, 76, 76, 1.0]
[617, 276, 67, 67, 1.0]
[874, 298, 74, 74, 1.0]
[319, 331, 65, 65, 1.0]
[559, 412, 50, 50, 1.0]
[38, 418, 60, 60, 1.0]
[243, 416, 64, 64, 1.0]
[423, 370, 74, 74, 1.0]
[596, 402, 68, 68, 1.0]
[592, 372, 75, 75, 1.0]
[778, 402, 61, 61, 1.0]
[136, 433, 61, 61, 1.0]
[883, 432, 70, 70, 1.0]
[350, 437, 61, 61, 1.0]
[497, 569, 29, 29, 1.0]
[371, 562, 70, 70, 1.0]
[129, 577, 70, 70, 1.0]
