7_Cheering_Cheering_7_289.jpg
30
[438, 81, 31, 31, 1.0]
[609, 143, 29, 29, 1.0]
[559, 67, 26, 26, 1.0]
[780, 66, 28, 28, 1.0]
[730, 94, 28, 28, 1.0]
[667, 96, 27, 27, 1.0]
[861, 70, 28, 28, 1.0]
[772, 107, 35, 35, 1.0]
[611, 99, 27, 27, 1.0]
[33, 96, 35, 35, 1.0]
[114, 140, 40, 40, 1.0]
[155, 18, 41, 41, 1.0]
[705, 125, 41, 41, 1.0]
[63, 112, 42, 42, 1.0]
[230, 152, 52, 52, 1.0]
[753, 159, 38, 38, 1.0]
[396, 114, 63, 63, 1.0]
[526, 171, 54, 54, 1.0]
[90, 215, 47, 47, 1.0]
[560, 225, 43, 43, 1.0]
[205, 242, 66, 66, 1.0]
[811, 291, 61, 61, 1.0]
[609, 332, 61, 61, 1.0]
[408, 301, 77, 77, 1.0]
[231, 358, 68, 68, 1.0]
[403, 400, 86, 86, 1.0]
[876, 452, 75, 75, 1.0]
[72, 482, 95, 95, 1.0]
[565, 547, 110, 110, 1.0]
[150, 642, 108, 108, 1.0]
