7_Cheering_Cheering_7_20.jpg
36
[153, 24, 26, 26, 1.0]
[49, 121, 26, 26, 1.0]
[280, 72, 26, 26, 1.0]
[366, 2, 24, 24, 1.0]
[528, 26, 27, 27, 1.0]
[506, 84, 28, 28, 1.0]
[509, 136, 28, 28, 1.0]
[933, 166, 26, 26, 1.0]
[976, 154, 27, 27, 1.0]
[955, 175, 24, 24, 1.0]
[650, 96, 25, 25, 1.0]
[278, 177, 26, 26, 1.0]
[268, 98, 28, 28, 1.0]
[788, 144, 30, 30, 1.0]
[212, 104, 28, 28, 1.0]
[73, 127, 44, 44, 1.0]
[218, 174, 38, 38, 1.0]
[872, 226, 29, 29, 1.0]
[951, 208, 29, 29, 1.0]
[205, 201, 29, 29, 1.0]
[510, 282, 27, 27, 1.0]
[600, 313, 27, 27, 1.0]
[660, 337, 26, 26, 1.0]
[708, 363, 31, 31, 1.0]
[241, 438, 26, 26, 1.0]
[977, 391, 31, 31, 1.0]
[857, 464, 28, 28, 1.0]
[601, 459, 38, 38, 1.0]
[276, 501, 34, 34, 1.0]
[910, 518, 34, 34, 1.0]
[166, 533, 37, 37, 1.0]
[656, 508, 39, 39, 1.0]
[332, 462, 61, 61, 1.0]
[847, 426, 87, 87, 1.0]
[491, 687, 37, 37, 1.0]
[109, 572, 126, 126, 1.0]
