7_Cheering_Cheering_7_165.jpg
20
[302, 99, 24, 24, 1.0]
[279, 126, 28, 28, 1.0]
[643, 129, 34, 34, 1.0]
[335, 137, 31, 31, 1.0]
[776, 141, 55, 55, 1.0]
[76, 235, 34, 34, 1.0]
[134, 207, 56, 56, 1.0]
[672, 233, 55, 55, 1.0]
[894, 277, 30, 30, 1.0]
[425, 154, 54, 54, 1.0]
[66, 277, 75, 75, 1.0]
[249, 431, 28, 28, 1.0]
[498, 264, 59, 59, 1.0]
[736, 356, 70, 70, 1.0]
[272, 401, 53, 53, 1.0]
[684, 400, 60, 60, 1.0]
[554, 384, 67, 67, 1.0]
[332, 521, 49, 49, 1.0]
[752, 519, 48, 48, 1.0]
[740, 660, 57, 57, 1.0]
