7_Cheering_Cheering_7_554.jpg
25
[264, 48, 57, 57, 1.0]
[332, 127, 58, 58, 1.0]
[471, 103, 56, 56, 1.0]
[77, 144, 61, 61, 1.0]
[546, 156, 56, 56, 1.0]
[668, 101, 229, 229, 1.0]
[127, 208, 74, 74, 1.0]
[723, 147, 61, 61, 1.0]
[505, 232, 63, 63, 1.0]
[580, 242, 76, 76, 1.0]
[319, 259, 74, 74, 1.0]
[398, 267, 65, 65, 1.0]
[85, 263, 75, 75, 1.0]
[96, 350, 60, 60, 1.0]
[487, 344, 68, 68, 1.0]
[288, 347, 76, 76, 1.0]
[671, 369, 80, 80, 1.0]
[251, 338, 99, 99, 1.0]
[120, 417, 86, 86, 1.0]
[356, 417, 91, 91, 1.0]
[597, 438, 93, 93, 1.0]
[294, 494, 86, 86, 1.0]
[52, 507, 86, 86, 1.0]
[491, 500, 101, 101, 1.0]
[129, 639, 108, 108, 1.0]
