7_Cheering_Cheering_7_535.jpg
26
[612, 212, 35, 35, 1.0]
[415, 199, 41, 41, 1.0]
[365, 239, 42, 42, 1.0]
[583, 288, 26, 26, 1.0]
[696, 218, 38, 38, 1.0]
[152, 218, 46, 46, 1.0]
[796, 207, 38, 38, 1.0]
[210, 186, 43, 43, 1.0]
[327, 192, 42, 42, 1.0]
[508, 201, 37, 37, 1.0]
[547, 255, 40, 40, 1.0]
[582, 315, 38, 38, 1.0]
[459, 260, 38, 38, 1.0]
[674, 306, 43, 43, 1.0]
[631, 251, 42, 42, 1.0]
[721, 250, 44, 44, 1.0]
[210, 279, 48, 48, 1.0]
[117, 291, 42, 42, 1.0]
[302, 294, 48, 48, 1.0]
[499, 315, 47, 47, 1.0]
[399, 317, 47, 47, 1.0]
[822, 257, 45, 45, 1.0]
[108, 492, 34, 34, 1.0]
[291, 428, 79, 79, 1.0]
[395, 447, 65, 65, 1.0]
[273, 627, 36, 36, 1.0]
