7_Cheering_Cheering_7_393.jpg
77
[860, 144, 29, 29, 1.0]
[939, 117, 31, 31, 1.0]
[325, 96, 27, 27, 1.0]
[994, 146, 29, 29, 1.0]
[315, 122, 32, 32, 1.0]
[505, 129, 33, 33, 1.0]
[904, 16, 30, 30, 1.0]
[977, 14, 32, 32, 1.0]
[734, 182, 34, 34, 1.0]
[302, 185, 33, 33, 1.0]
[581, 112, 27, 27, 1.0]
[886, 110, 33, 33, 1.0]
[197, 138, 31, 31, 1.0]
[917, 151, 31, 31, 1.0]
[433, 21, 32, 32, 1.0]
[94, 159, 34, 34, 1.0]
[38, 131, 33, 33, 1.0]
[606, 0, 30, 30, 1.0]
[124, 158, 37, 37, 1.0]
[621, 59, 29, 29, 1.0]
[143, 61, 28, 28, 1.0]
[731, 60, 37, 37, 1.0]
[658, 200, 33, 33, 1.0]
[712, 34, 91, 91, 1.0]
[852, 194, 29, 29, 1.0]
[194, 200, 31, 31, 1.0]
[950, 199, 28, 28, 1.0]
[442, 216, 28, 28, 1.0]
[578, 209, 30, 30, 1.0]
[200, 235, 34, 34, 1.0]
[929, 221, 31, 31, 1.0]
[114, 264, 28, 28, 1.0]
[31, 244, 30, 30, 1.0]
[530, 242, 34, 34, 1.0]
[661, 316, 33, 33, 1.0]
[578, 282, 32, 32, 1.0]
[749, 322, 35, 35, 1.0]
[523, 308, 31, 31, 1.0]
[165, 288, 33, 33, 1.0]
[319, 328, 33, 33, 1.0]
[858, 219, 36, 36, 1.0]
[212, 322, 31, 31, 1.0]
[411, 305, 34, 34, 1.0]
[828, 335, 33, 33, 1.0]
[42, 289, 36, 36, 1.0]
[969, 337, 33, 33, 1.0]
[588, 346, 32, 32, 1.0]
[651, 355, 30, 30, 1.0]
[825, 386, 34, 34, 1.0]
[589, 380, 29, 29, 1.0]
[280, 388, 32, 32, 1.0]
[108, 399, 29, 29, 1.0]
[130, 429, 31, 31, 1.0]
[340, 376, 35, 35, 1.0]
[574, 429, 33, 33, 1.0]
[903, 388, 38, 38, 1.0]
[261, 439, 30, 30, 1.0]
[906, 441, 28, 28, 1.0]
[484, 419, 34, 34, 1.0]
[460, 441, 36, 36, 1.0]
[71, 426, 32, 32, 1.0]
[54, 412, 32, 32, 1.0]
[711, 472, 32, 32, 1.0]
[878, 477, 25, 25, 1.0]
[989, 474, 30, 30, 1.0]
[394, 427, 35, 35, 1.0]
[10, 429, 36, 36, 1.0]
[210, 414, 38, 38, 1.0]
[371, 477, 32, 32, 1.0]
[280, 494, 35, 35, 1.0]
[171, 493, 35, 35, 1.0]
[495, 502, 33, 33, 1.0]
[635, 499, 36, 36, 1.0]
[59, 500, 36, 36, 1.0]
[839, 509, 40, 40, 1.0]
[931, 526, 32, 32, 1.0]
[449, 390, 103, 103, 1.0]
