7_Cheering_Cheering_7_478.jpg
21
[190, 152, 41, 41, 1.0]
[762, 141, 51, 51, 1.0]
[132, 118, 52, 52, 1.0]
[360, 167, 46, 46, 1.0]
[289, 180, 37, 37, 1.0]
[873, 163, 52, 52, 1.0]
[641, 191, 40, 40, 1.0]
[543, 195, 49, 49, 1.0]
[806, 195, 51, 51, 1.0]
[224, 201, 48, 48, 1.0]
[405, 200, 44, 44, 1.0]
[718, 212, 38, 38, 1.0]
[456, 216, 43, 43, 1.0]
[361, 208, 66, 66, 1.0]
[616, 389, 44, 44, 1.0]
[522, 431, 43, 43, 1.0]
[438, 408, 49, 49, 1.0]
[339, 402, 55, 55, 1.0]
[249, 418, 54, 54, 1.0]
[838, 418, 53, 53, 1.0]
[728, 422, 52, 52, 1.0]
