7_Cheering_Cheering_7_789.jpg
84
[37, 69, 29, 29, 1.0]
[475, 71, 25, 25, 1.0]
[889, 28, 25, 25, 1.0]
[714, 72, 26, 26, 1.0]
[925, 77, 24, 24, 1.0]
[499, 121, 31, 31, 1.0]
[525, 103, 26, 26, 1.0]
[63, 10, 25, 25, 1.0]
[98, 126, 25, 25, 1.0]
[102, 10, 26, 26, 1.0]
[7, 168, 28, 28, 1.0]
[166, 108, 26, 26, 1.0]
[975, 84, 26, 26, 1.0]
[367, 156, 28, 28, 1.0]
[710, 16, 28, 28, 1.0]
[598, 175, 26, 26, 1.0]
[719, 163, 28, 28, 1.0]
[524, 185, 24, 24, 1.0]
[69, 186, 28, 28, 1.0]
[146, 34, 25, 25, 1.0]
[691, 35, 27, 27, 1.0]
[570, 45, 26, 26, 1.0]
[594, 108, 26, 26, 1.0]
[922, 111, 26, 26, 1.0]
[283, 113, 28, 28, 1.0]
[376, 115, 26, 26, 1.0]
[565, 141, 25, 25, 1.0]
[631, 139, 26, 26, 1.0]
[411, 206, 31, 31, 1.0]
[330, 205, 26, 26, 1.0]
[868, 214, 29, 29, 1.0]
[633, 217, 28, 28, 1.0]
[222, 237, 30, 30, 1.0]
[674, 238, 29, 29, 1.0]
[748, 244, 28, 28, 1.0]
[826, 233, 26, 26, 1.0]
[110, 248, 32, 32, 1.0]
[257, 279, 28, 28, 1.0]
[61, 254, 29, 29, 1.0]
[866, 284, 28, 28, 1.0]
[36, 228, 28, 28, 1.0]
[84, 237, 30, 30, 1.0]
[942, 287, 26, 26, 1.0]
[517, 286, 33, 33, 1.0]
[249, 301, 28, 28, 1.0]
[725, 311, 28, 28, 1.0]
[482, 202, 102, 102, 1.0]
[68, 339, 30, 30, 1.0]
[858, 324, 28, 28, 1.0]
[976, 366, 29, 29, 1.0]
[59, 379, 35, 35, 1.0]
[741, 414, 31, 31, 1.0]
[648, 415, 34, 34, 1.0]
[161, 394, 30, 30, 1.0]
[410, 398, 30, 30, 1.0]
[990, 433, 30, 30, 1.0]
[307, 427, 31, 31, 1.0]
[139, 446, 33, 33, 1.0]
[322, 401, 34, 34, 1.0]
[273, 458, 34, 34, 1.0]
[221, 478, 33, 33, 1.0]
[552, 481, 44, 44, 1.0]
[558, 464, 26, 26, 1.0]
[67, 461, 35, 35, 1.0]
[976, 465, 31, 31, 1.0]
[437, 477, 31, 31, 1.0]
[732, 494, 31, 31, 1.0]
[142, 496, 35, 35, 1.0]
[875, 527, 31, 31, 1.0]
[691, 531, 34, 34, 1.0]
[709, 591, 30, 30, 1.0]
[527, 556, 34, 34, 1.0]
[839, 529, 34, 34, 1.0]
[326, 594, 34, 34, 1.0]
[201, 516, 45, 45, 1.0]
[301, 557, 39, 39, 1.0]
[713, 636, 36, 36, 1.0]
[932, 657, 35, 35, 1.0]
[135, 672, 32, 32, 1.0]
[223, 688, 34, 34, 1.0]
[926, 699, 34, 34, 1.0]
[406, 679, 49, 49, 1.0]
[802, 694, 43, 43, 1.0]
[42, 634, 67, 67, 1.0]
