7_Cheering_Cheering_7_582.jpg
29
[655, 117, 26, 26, 1.0]
[736, 168, 24, 24, 1.0]
[605, 188, 27, 27, 1.0]
[117, 90, 114, 114, 1.0]
[88, 196, 27, 27, 1.0]
[437, 192, 30, 30, 1.0]
[639, 194, 29, 29, 1.0]
[373, 199, 27, 27, 1.0]
[490, 103, 107, 107, 1.0]
[20, 200, 28, 28, 1.0]
[726, 205, 26, 26, 1.0]
[830, 246, 27, 27, 1.0]
[825, 193, 34, 34, 1.0]
[917, 246, 35, 35, 1.0]
[653, 275, 30, 30, 1.0]
[896, 188, 60, 60, 1.0]
[229, 294, 31, 31, 1.0]
[368, 284, 37, 37, 1.0]
[943, 285, 41, 41, 1.0]
[319, 315, 31, 31, 1.0]
[443, 334, 44, 44, 1.0]
[35, 307, 50, 50, 1.0]
[519, 341, 58, 58, 1.0]
[238, 325, 52, 52, 1.0]
[622, 368, 50, 50, 1.0]
[906, 361, 59, 59, 1.0]
[744, 356, 58, 58, 1.0]
[388, 435, 66, 66, 1.0]
[154, 418, 68, 68, 1.0]
