7_Cheering_Cheering_7_304.jpg
30
[55, 39, 27, 27, 1.0]
[416, 41, 30, 30, 1.0]
[754, 25, 28, 28, 1.0]
[934, 12, 27, 27, 1.0]
[660, 64, 28, 28, 1.0]
[597, 13, 28, 28, 1.0]
[727, 83, 33, 33, 1.0]
[313, 44, 31, 31, 1.0]
[145, 35, 30, 30, 1.0]
[614, 95, 27, 27, 1.0]
[221, 144, 34, 34, 1.0]
[476, 39, 32, 32, 1.0]
[882, 176, 34, 34, 1.0]
[135, 165, 43, 43, 1.0]
[495, 186, 41, 41, 1.0]
[196, 240, 37, 37, 1.0]
[330, 239, 47, 47, 1.0]
[387, 248, 53, 53, 1.0]
[757, 315, 56, 56, 1.0]
[884, 318, 52, 52, 1.0]
[531, 267, 52, 52, 1.0]
[157, 261, 52, 52, 1.0]
[490, 318, 51, 51, 1.0]
[342, 324, 58, 58, 1.0]
[609, 289, 55, 55, 1.0]
[260, 393, 61, 61, 1.0]
[68, 412, 59, 59, 1.0]
[707, 422, 56, 56, 1.0]
[424, 416, 63, 63, 1.0]
[867, 432, 58, 58, 1.0]
