7_Cheering_Cheering_7_204.jpg
98
[803, 1, 27, 27, 1.0]
[320, 51, 31, 31, 1.0]
[405, 294, 29, 29, 1.0]
[413, 16, 30, 30, 1.0]
[471, 299, 30, 30, 1.0]
[168, 157, 29, 29, 1.0]
[596, 216, 27, 27, 1.0]
[562, 28, 29, 29, 1.0]
[532, 123, 26, 26, 1.0]
[655, 217, 28, 28, 1.0]
[542, 164, 29, 29, 1.0]
[267, 190, 30, 30, 1.0]
[319, 4, 32, 32, 1.0]
[274, 291, 34, 34, 1.0]
[346, 191, 31, 31, 1.0]
[126, 105, 29, 29, 1.0]
[357, 148, 31, 31, 1.0]
[453, 204, 29, 29, 1.0]
[608, 156, 31, 31, 1.0]
[835, 309, 33, 33, 1.0]
[8, 131, 29, 29, 1.0]
[439, 106, 31, 31, 1.0]
[266, 146, 31, 31, 1.0]
[770, 210, 36, 36, 1.0]
[578, 252, 33, 33, 1.0]
[944, 64, 35, 35, 1.0]
[300, 331, 35, 35, 1.0]
[393, 235, 37, 37, 1.0]
[564, 296, 39, 39, 1.0]
[291, 369, 34, 34, 1.0]
[477, 239, 35, 35, 1.0]
[733, 371, 32, 32, 1.0]
[57, 165, 39, 39, 1.0]
[753, 308, 40, 40, 1.0]
[379, 337, 38, 38, 1.0]
[94, 330, 42, 42, 1.0]
[820, 357, 36, 36, 1.0]
[886, 362, 35, 35, 1.0]
[657, 254, 33, 33, 1.0]
[63, 371, 43, 43, 1.0]
[170, 385, 37, 37, 1.0]
[519, 228, 58, 58, 1.0]
[364, 394, 38, 38, 1.0]
[274, 445, 32, 32, 1.0]
[973, 488, 32, 32, 1.0]
[961, 528, 30, 30, 1.0]
[223, 510, 34, 34, 1.0]
[984, 437, 33, 33, 1.0]
[543, 405, 36, 36, 1.0]
[694, 408, 35, 35, 1.0]
[458, 408, 38, 38, 1.0]
[38, 429, 38, 38, 1.0]
[655, 456, 34, 34, 1.0]
[838, 400, 37, 37, 1.0]
[907, 401, 39, 39, 1.0]
[2, 507, 39, 39, 1.0]
[702, 510, 39, 39, 1.0]
[148, 516, 36, 36, 1.0]
[814, 525, 35, 35, 1.0]
[582, 463, 35, 35, 1.0]
[812, 460, 38, 38, 1.0]
[527, 499, 38, 38, 1.0]
[726, 465, 35, 35, 1.0]
[904, 468, 36, 36, 1.0]
[812, 584, 32, 32, 1.0]
[601, 510, 40, 40, 1.0]
[463, 631, 29, 29, 1.0]
[882, 536, 38, 38, 1.0]
[699, 581, 36, 36, 1.0]
[521, 564, 39, 39, 1.0]
[596, 633, 34, 34, 1.0]
[617, 575, 40, 40, 1.0]
[876, 650, 38, 38, 1.0]
[1, 563, 42, 42, 1.0]
[642, 414, 55, 55, 1.0]
[852, 441, 56, 56, 1.0]
[684, 642, 38, 38, 1.0]
[316, 487, 80, 80, 1.0]
[552, 251, 120, 120, 1.0]
[341, 479, 101, 101, 1.0]
[720, 886, 50, 50, 1.0]
[965, 707, 40, 40, 1.0]
[847, 967, 39, 39, 1.0]
[744, 982, 30, 30, 1.0]
[1, 909, 34, 34, 1.0]
[192, 892, 50, 50, 1.0]
[69, 893, 51, 51, 1.0]
[659, 900, 45, 45, 1.0]
[310, 959, 45, 45, 1.0]
[326, 911, 46, 46, 1.0]
[960, 967, 45, 45, 1.0]
[750, 1016, 49, 49, 1.0]
[156, 1092, 49, 49, 1.0]
[969, 1118, 35, 35, 1.0]
[740, 1120, 43, 43, 1.0]
[856, 1091, 52, 52, 1.0]
[338, 951, 87, 87, 1.0]
[775, 1118, 52, 52, 1.0]
