7_Cheering_Cheering_7_179.jpg
25
[903, 24, 69, 69, 1.0]
[594, 55, 65, 65, 1.0]
[214, 18, 71, 71, 1.0]
[414, 3, 68, 68, 1.0]
[302, 8, 67, 67, 1.0]
[442, 75, 94, 94, 1.0]
[793, 95, 76, 76, 1.0]
[52, 105, 91, 91, 1.0]
[187, 107, 105, 105, 1.0]
[737, 126, 88, 88, 1.0]
[571, 140, 95, 95, 1.0]
[797, 210, 105, 105, 1.0]
[713, 227, 95, 95, 1.0]
[283, 260, 77, 77, 1.0]
[173, 321, 56, 56, 1.0]
[505, 269, 87, 87, 1.0]
[905, 285, 97, 97, 1.0]
[328, 277, 113, 113, 1.0]
[755, 325, 116, 116, 1.0]
[521, 330, 120, 120, 1.0]
[610, 434, 102, 102, 1.0]
[885, 408, 61, 61, 1.0]
[748, 513, 120, 120, 1.0]
[107, 510, 146, 146, 1.0]
[444, 547, 108, 108, 1.0]
