49_Greeting_peoplegreeting_49_171.jpg
30
[45, 345, 26, 26, 1.0]
[636, 356, 27, 27, 1.0]
[622, 321, 26, 26, 1.0]
[574, 332, 26, 26, 1.0]
[734, 331, 25, 25, 1.0]
[218, 359, 28, 28, 1.0]
[865, 333, 27, 27, 1.0]
[711, 365, 35, 35, 1.0]
[508, 377, 31, 31, 1.0]
[810, 363, 26, 26, 1.0]
[368, 383, 33, 33, 1.0]
[827, 364, 29, 29, 1.0]
[667, 367, 33, 33, 1.0]
[278, 373, 31, 31, 1.0]
[126, 393, 32, 32, 1.0]
[588, 403, 31, 31, 1.0]
[484, 415, 35, 35, 1.0]
[313, 397, 36, 36, 1.0]
[668, 406, 30, 30, 1.0]
[216, 404, 43, 43, 1.0]
[266, 422, 31, 31, 1.0]
[625, 454, 35, 35, 1.0]
[428, 483, 33, 33, 1.0]
[373, 504, 28, 28, 1.0]
[591, 501, 112, 112, 1.0]
[132, 646, 54, 54, 1.0]
[450, 587, 49, 49, 1.0]
[631, 674, 50, 50, 1.0]
[251, 625, 58, 58, 1.0]
[346, 663, 81, 81, 1.0]
