49_Greeting_peoplegreeting_49_445.jpg
22
[120, 215, 80, 80, 1.0]
[42, 287, 83, 83, 1.0]
[39, 136, 87, 87, 1.0]
[609, 299, 327, 327, 1.0]
[120, 363, 78, 78, 1.0]
[538, 354, 100, 100, 1.0]
[46, 439, 79, 79, 1.0]
[878, 328, 90, 90, 1.0]
[120, 65, 78, 78, 1.0]
[122, 515, 78, 78, 1.0]
[45, 585, 82, 82, 1.0]
[46, 736, 84, 84, 1.0]
[119, 662, 81, 81, 1.0]
[47, 886, 81, 81, 1.0]
[46, 1032, 88, 88, 1.0]
[194, 1073, 73, 73, 1.0]
[48, 1185, 82, 82, 1.0]
[941, 1373, 61, 61, 1.0]
[125, 1258, 85, 85, 1.0]
[203, 1334, 79, 79, 1.0]
[870, 1252, 96, 96, 1.0]
[48, 1331, 85, 85, 1.0]
