49_Greeting_peoplegreeting_49_205.jpg
19
[580, 363, 27, 27, 1.0]
[34, 446, 27, 27, 1.0]
[73, 448, 28, 28, 1.0]
[184, 457, 27, 27, 1.0]
[8, 434, 29, 29, 1.0]
[312, 503, 25, 25, 1.0]
[497, 507, 31, 31, 1.0]
[105, 470, 25, 25, 1.0]
[706, 514, 28, 28, 1.0]
[234, 475, 27, 27, 1.0]
[765, 338, 156, 156, 1.0]
[858, 540, 28, 28, 1.0]
[539, 941, 53, 53, 1.0]
[741, 812, 88, 88, 1.0]
[126, 997, 69, 69, 1.0]
[780, 1106, 50, 50, 1.0]
[618, 1029, 56, 56, 1.0]
[609, 1113, 62, 62, 1.0]
[677, 1096, 178, 178, 1.0]
