49_Greeting_peoplegreeting_49_649.jpg
33
[783, 119, 27, 27, 1.0]
[539, 38, 31, 31, 1.0]
[613, 32, 32, 32, 1.0]
[907, 159, 26, 26, 1.0]
[683, 56, 31, 31, 1.0]
[621, 67, 34, 34, 1.0]
[436, 20, 38, 38, 1.0]
[704, 128, 36, 36, 1.0]
[145, 4, 50, 50, 1.0]
[406, 43, 41, 41, 1.0]
[804, 165, 38, 38, 1.0]
[362, 62, 53, 53, 1.0]
[761, 171, 34, 34, 1.0]
[13, 122, 59, 59, 1.0]
[194, 70, 59, 59, 1.0]
[306, 77, 55, 55, 1.0]
[275, 164, 54, 54, 1.0]
[721, 263, 32, 32, 1.0]
[682, 219, 45, 45, 1.0]
[816, 261, 36, 36, 1.0]
[916, 296, 27, 27, 1.0]
[332, 244, 47, 47, 1.0]
[432, 252, 44, 44, 1.0]
[966, 286, 31, 31, 1.0]
[872, 261, 50, 50, 1.0]
[751, 301, 46, 46, 1.0]
[446, 331, 51, 51, 1.0]
[84, 348, 53, 53, 1.0]
[969, 386, 46, 46, 1.0]
[778, 438, 52, 52, 1.0]
[770, 394, 55, 55, 1.0]
[907, 426, 76, 76, 1.0]
[890, 538, 88, 88, 1.0]
