56_Voter_peoplevoting_56_292.jpg
42
[629, 64, 25, 25, 1.0]
[874, 45, 28, 28, 1.0]
[344, 37, 25, 25, 1.0]
[608, 99, 26, 26, 1.0]
[687, 52, 26, 26, 1.0]
[635, 120, 29, 29, 1.0]
[698, 120, 28, 28, 1.0]
[944, 52, 25, 25, 1.0]
[192, 55, 24, 24, 1.0]
[545, 137, 29, 29, 1.0]
[586, 56, 25, 25, 1.0]
[330, 138, 28, 28, 1.0]
[584, 127, 27, 27, 1.0]
[473, 141, 28, 28, 1.0]
[634, 156, 28, 28, 1.0]
[752, 163, 28, 28, 1.0]
[792, 169, 31, 31, 1.0]
[415, 139, 35, 35, 1.0]
[506, 166, 31, 31, 1.0]
[354, 140, 39, 39, 1.0]
[872, 190, 37, 37, 1.0]
[285, 175, 51, 51, 1.0]
[670, 180, 33, 33, 1.0]
[253, 172, 32, 32, 1.0]
[186, 175, 54, 54, 1.0]
[692, 178, 49, 49, 1.0]
[837, 193, 33, 33, 1.0]
[531, 205, 34, 34, 1.0]
[932, 201, 41, 41, 1.0]
[612, 214, 59, 59, 1.0]
[479, 226, 54, 54, 1.0]
[373, 231, 56, 56, 1.0]
[700, 232, 56, 56, 1.0]
[272, 241, 55, 55, 1.0]
[552, 186, 49, 49, 1.0]
[69, 190, 58, 58, 1.0]
[224, 254, 57, 57, 1.0]
[898, 266, 57, 57, 1.0]
[544, 275, 54, 54, 1.0]
[465, 290, 56, 56, 1.0]
[187, 195, 91, 91, 1.0]
[63, 504, 175, 175, 1.0]
