56_Voter_peoplevoting_56_608.jpg
20
[371, 169, 31, 31, 1.0]
[952, 52, 31, 31, 1.0]
[697, 156, 38, 38, 1.0]
[832, 48, 28, 28, 1.0]
[25, 114, 40, 40, 1.0]
[482, 155, 32, 32, 1.0]
[273, 183, 36, 36, 1.0]
[948, 184, 31, 31, 1.0]
[402, 170, 42, 42, 1.0]
[153, 100, 38, 38, 1.0]
[579, 82, 49, 49, 1.0]
[454, 71, 33, 33, 1.0]
[828, 192, 40, 40, 1.0]
[771, 204, 46, 46, 1.0]
[752, 178, 56, 56, 1.0]
[795, 322, 46, 46, 1.0]
[552, 205, 92, 92, 1.0]
[114, 279, 98, 98, 1.0]
[209, 225, 77, 77, 1.0]
[789, 377, 126, 126, 1.0]
