18_Concerts_Concerts_18_108.jpg
27
[264, 342, 25, 25, 1.0]
[168, 347, 28, 28, 1.0]
[239, 349, 26, 26, 1.0]
[72, 352, 24, 24, 1.0]
[366, 370, 26, 26, 1.0]
[831, 374, 28, 28, 1.0]
[876, 391, 27, 27, 1.0]
[232, 405, 26, 26, 1.0]
[965, 406, 26, 26, 1.0]
[149, 408, 32, 32, 1.0]
[843, 415, 29, 29, 1.0]
[628, 412, 35, 35, 1.0]
[277, 434, 30, 30, 1.0]
[689, 445, 36, 36, 1.0]
[951, 451, 34, 34, 1.0]
[583, 454, 34, 34, 1.0]
[198, 459, 33, 33, 1.0]
[789, 452, 42, 42, 1.0]
[56, 478, 43, 43, 1.0]
[767, 515, 50, 50, 1.0]
[475, 565, 49, 49, 1.0]
[75, 571, 48, 48, 1.0]
[871, 544, 52, 52, 1.0]
[155, 589, 53, 53, 1.0]
[376, 548, 51, 51, 1.0]
[270, 557, 54, 54, 1.0]
[35, 618, 52, 52, 1.0]
