18_Concerts_Concerts_18_29.jpg
21
[769, 302, 25, 25, 1.0]
[397, 418, 26, 26, 1.0]
[525, 439, 27, 27, 1.0]
[378, 444, 26, 26, 1.0]
[301, 444, 27, 27, 1.0]
[919, 433, 25, 25, 1.0]
[322, 434, 25, 25, 1.0]
[458, 437, 26, 26, 1.0]
[806, 446, 26, 26, 1.0]
[553, 449, 24, 24, 1.0]
[577, 445, 30, 30, 1.0]
[668, 453, 27, 27, 1.0]
[630, 455, 26, 26, 1.0]
[130, 460, 25, 25, 1.0]
[167, 465, 29, 29, 1.0]
[91, 464, 31, 31, 1.0]
[225, 484, 30, 30, 1.0]
[276, 486, 31, 31, 1.0]
[613, 488, 25, 25, 1.0]
[132, 494, 27, 27, 1.0]
[165, 513, 34, 34, 1.0]
