54_Rescue_rescuepeople_54_923.jpg
29
[484, 108, 33, 33, 1.0]
[429, 67, 35, 35, 1.0]
[586, 44, 32, 32, 1.0]
[598, 118, 32, 32, 1.0]
[660, 120, 30, 30, 1.0]
[706, 54, 34, 34, 1.0]
[545, 119, 36, 36, 1.0]
[766, 125, 28, 28, 1.0]
[391, 132, 32, 32, 1.0]
[292, 116, 54, 54, 1.0]
[240, 114, 66, 66, 1.0]
[392, 182, 29, 29, 1.0]
[578, 156, 31, 31, 1.0]
[640, 147, 35, 35, 1.0]
[791, 148, 35, 35, 1.0]
[515, 153, 33, 33, 1.0]
[736, 163, 34, 34, 1.0]
[344, 151, 35, 35, 1.0]
[148, 146, 35, 35, 1.0]
[458, 140, 39, 39, 1.0]
[210, 143, 49, 49, 1.0]
[787, 158, 58, 58, 1.0]
[510, 246, 36, 36, 1.0]
[599, 229, 45, 45, 1.0]
[432, 243, 56, 56, 1.0]
[110, 297, 46, 46, 1.0]
[329, 317, 37, 37, 1.0]
[568, 245, 73, 73, 1.0]
[590, 379, 78, 78, 1.0]
