35_Basketball_playingbasketball_35_726.jpg
20
[711, 198, 54, 54, 1.0]
[524, 203, 133, 133, 1.0]
[109, 681, 26, 26, 1.0]
[79, 678, 32, 32, 1.0]
[405, 583, 54, 54, 1.0]
[111, 714, 29, 29, 1.0]
[49, 688, 35, 35, 1.0]
[110, 724, 31, 31, 1.0]
[255, 468, 74, 74, 1.0]
[110, 782, 27, 27, 1.0]
[80, 762, 30, 30, 1.0]
[112, 770, 29, 29, 1.0]
[174, 807, 26, 26, 1.0]
[197, 853, 26, 26, 1.0]
[79, 749, 32, 32, 1.0]
[48, 801, 31, 31, 1.0]
[79, 785, 31, 31, 1.0]
[53, 838, 34, 34, 1.0]
[84, 628, 140, 140, 1.0]
[22, 961, 34, 34, 1.0]
