35_Basketball_basketballgame_ball_35_997.jpg
22
[50, 902, 36, 36, 1.0]
[366, 1000, 73, 73, 1.0]
[198, 1178, 26, 26, 1.0]
[178, 1261, 30, 30, 1.0]
[401, 1276, 32, 32, 1.0]
[262, 1284, 30, 30, 1.0]
[85, 1211, 41, 41, 1.0]
[476, 1302, 31, 31, 1.0]
[300, 1307, 35, 35, 1.0]
[102, 1252, 36, 36, 1.0]
[195, 1310, 38, 38, 1.0]
[86, 1317, 34, 34, 1.0]
[388, 1318, 35, 35, 1.0]
[12, 1337, 34, 34, 1.0]
[374, 1372, 34, 34, 1.0]
[405, 1419, 37, 37, 1.0]
[528, 1406, 37, 37, 1.0]
[704, 1418, 33, 33, 1.0]
[40, 1438, 32, 32, 1.0]
[584, 1389, 52, 52, 1.0]
[304, 1409, 54, 54, 1.0]
[80, 1429, 57, 57, 1.0]
