35_Basketball_Basketball_35_692.jpg
20
[68, 112, 35, 35, 1.0]
[361, 88, 46, 46, 1.0]
[132, 80, 46, 46, 1.0]
[836, 46, 57, 57, 1.0]
[535, 118, 42, 42, 1.0]
[430, 150, 54, 54, 1.0]
[443, 99, 46, 46, 1.0]
[332, 138, 51, 51, 1.0]
[263, 151, 53, 53, 1.0]
[172, 149, 60, 60, 1.0]
[139, 161, 45, 45, 1.0]
[706, 160, 52, 52, 1.0]
[587, 112, 48, 48, 1.0]
[924, 114, 46, 46, 1.0]
[45, 158, 57, 57, 1.0]
[662, 122, 50, 50, 1.0]
[400, 368, 65, 65, 1.0]
[354, 478, 36, 36, 1.0]
[621, 449, 54, 54, 1.0]
[173, 542, 47, 47, 1.0]
