35_Basketball_playingbasketball_35_874.jpg
20
[479, 196, 43, 43, 1.0]
[374, 188, 36, 36, 1.0]
[590, 183, 49, 49, 1.0]
[253, 183, 41, 41, 1.0]
[940, 155, 58, 58, 1.0]
[774, 198, 47, 47, 1.0]
[723, 209, 36, 36, 1.0]
[120, 58, 50, 50, 1.0]
[138, 204, 46, 46, 1.0]
[858, 236, 39, 39, 1.0]
[689, 225, 42, 42, 1.0]
[76, 231, 47, 47, 1.0]
[572, 286, 46, 46, 1.0]
[301, 347, 48, 48, 1.0]
[586, 348, 48, 48, 1.0]
[173, 351, 50, 50, 1.0]
[710, 360, 50, 50, 1.0]
[455, 369, 47, 47, 1.0]
[867, 410, 50, 50, 1.0]
[955, 479, 55, 55, 1.0]
