35_Basketball_basketballgame_ball_35_609.jpg
21
[744, 86, 26, 26, 1.0]
[159, 70, 26, 26, 1.0]
[94, 50, 25, 25, 1.0]
[192, 156, 25, 25, 1.0]
[350, 155, 30, 30, 1.0]
[186, 122, 27, 27, 1.0]
[312, 60, 26, 26, 1.0]
[25, 124, 29, 29, 1.0]
[544, 162, 26, 26, 1.0]
[870, 104, 25, 25, 1.0]
[135, 166, 27, 27, 1.0]
[344, 36, 54, 54, 1.0]
[282, 188, 56, 56, 1.0]
[106, 245, 37, 37, 1.0]
[531, 253, 45, 45, 1.0]
[416, 188, 59, 59, 1.0]
[869, 259, 59, 59, 1.0]
[815, 287, 73, 73, 1.0]
[834, 340, 144, 144, 1.0]
[357, 446, 55, 55, 1.0]
[717, 517, 68, 68, 1.0]
