35_Basketball_basketballgame_ball_35_362.jpg
48
[91, 25, 28, 28, 1.0]
[117, 26, 28, 28, 1.0]
[306, 0, 25, 25, 1.0]
[14, 1, 28, 28, 1.0]
[440, 115, 29, 29, 1.0]
[167, 33, 29, 29, 1.0]
[288, 117, 28, 28, 1.0]
[138, 140, 27, 27, 1.0]
[50, 88, 29, 29, 1.0]
[822, 34, 29, 29, 1.0]
[807, 6, 29, 29, 1.0]
[889, 32, 30, 30, 1.0]
[521, 92, 28, 28, 1.0]
[247, 42, 28, 28, 1.0]
[205, 13, 28, 28, 1.0]
[32, 15, 27, 27, 1.0]
[210, 108, 27, 27, 1.0]
[962, 19, 32, 32, 1.0]
[747, 24, 27, 27, 1.0]
[332, 195, 28, 28, 1.0]
[21, 203, 29, 29, 1.0]
[43, 191, 27, 27, 1.0]
[254, 192, 29, 29, 1.0]
[178, 206, 26, 26, 1.0]
[103, 214, 30, 30, 1.0]
[782, 190, 34, 34, 1.0]
[318, 227, 29, 29, 1.0]
[232, 249, 29, 29, 1.0]
[174, 253, 28, 28, 1.0]
[373, 266, 28, 28, 1.0]
[951, 268, 30, 30, 1.0]
[834, 283, 30, 30, 1.0]
[129, 285, 32, 32, 1.0]
[892, 308, 28, 28, 1.0]
[378, 297, 30, 30, 1.0]
[916, 300, 32, 32, 1.0]
[14, 303, 28, 28, 1.0]
[230, 286, 30, 30, 1.0]
[91, 325, 31, 31, 1.0]
[316, 294, 31, 31, 1.0]
[3, 330, 29, 29, 1.0]
[272, 385, 33, 33, 1.0]
[368, 390, 28, 28, 1.0]
[249, 401, 33, 33, 1.0]
[314, 455, 32, 32, 1.0]
[349, 417, 38, 38, 1.0]
[519, 461, 228, 228, 1.0]
[232, 609, 32, 32, 1.0]
