35_Basketball_basketballgame_ball_35_644.jpg
25
[835, 43, 30, 30, 1.0]
[180, 4, 25, 25, 1.0]
[340, 51, 28, 28, 1.0]
[269, 98, 27, 27, 1.0]
[304, 15, 25, 25, 1.0]
[990, 61, 30, 30, 1.0]
[802, 15, 28, 28, 1.0]
[655, 17, 27, 27, 1.0]
[916, 65, 30, 30, 1.0]
[730, 20, 26, 26, 1.0]
[809, 71, 30, 30, 1.0]
[460, 133, 28, 28, 1.0]
[122, 180, 41, 41, 1.0]
[768, 41, 27, 27, 1.0]
[193, 107, 30, 30, 1.0]
[396, 61, 28, 28, 1.0]
[918, 23, 30, 30, 1.0]
[688, 102, 32, 32, 1.0]
[879, 76, 35, 35, 1.0]
[46, 185, 66, 66, 1.0]
[191, 165, 72, 72, 1.0]
[851, 169, 70, 70, 1.0]
[487, 162, 68, 68, 1.0]
[783, 217, 96, 96, 1.0]
[343, 203, 134, 134, 1.0]
