35_Basketball_playingbasketball_35_286.jpg
22
[941, 164, 31, 31, 1.0]
[347, 112, 30, 30, 1.0]
[504, 295, 33, 33, 1.0]
[85, 39, 31, 31, 1.0]
[471, 331, 35, 35, 1.0]
[476, 121, 34, 34, 1.0]
[83, 232, 35, 35, 1.0]
[367, 319, 40, 40, 1.0]
[342, 387, 35, 35, 1.0]
[134, 452, 36, 36, 1.0]
[244, 441, 40, 40, 1.0]
[369, 468, 37, 37, 1.0]
[886, 650, 59, 59, 1.0]
[495, 399, 79, 79, 1.0]
[667, 584, 83, 83, 1.0]
[309, 738, 49, 49, 1.0]
[206, 838, 48, 48, 1.0]
[795, 851, 55, 55, 1.0]
[792, 982, 60, 60, 1.0]
[862, 888, 64, 64, 1.0]
[267, 1089, 55, 55, 1.0]
[640, 1397, 64, 64, 1.0]
