35_Basketball_basketballgame_ball_35_262.jpg
29
[934, 45, 26, 26, 1.0]
[534, 111, 28, 28, 1.0]
[988, 70, 27, 27, 1.0]
[840, 88, 27, 27, 1.0]
[610, 47, 26, 26, 1.0]
[755, 114, 29, 29, 1.0]
[831, 52, 26, 26, 1.0]
[945, 78, 26, 26, 1.0]
[726, 154, 30, 30, 1.0]
[862, 102, 29, 29, 1.0]
[654, 124, 28, 28, 1.0]
[651, 169, 25, 25, 1.0]
[888, 142, 27, 27, 1.0]
[695, 60, 29, 29, 1.0]
[590, 143, 30, 30, 1.0]
[966, 124, 28, 28, 1.0]
[397, 99, 59, 59, 1.0]
[758, 180, 29, 29, 1.0]
[694, 185, 31, 31, 1.0]
[918, 234, 29, 29, 1.0]
[127, 217, 31, 31, 1.0]
[989, 212, 31, 31, 1.0]
[882, 195, 30, 30, 1.0]
[622, 235, 30, 30, 1.0]
[751, 245, 34, 34, 1.0]
[61, 220, 35, 35, 1.0]
[321, 283, 31, 31, 1.0]
[235, 300, 35, 35, 1.0]
[117, 319, 38, 38, 1.0]
