35_Basketball_Basketball_35_462.jpg
41
[110, 343, 28, 28, 1.0]
[384, 352, 26, 26, 1.0]
[307, 358, 26, 26, 1.0]
[450, 364, 27, 27, 1.0]
[792, 375, 25, 25, 1.0]
[859, 380, 25, 25, 1.0]
[812, 392, 27, 27, 1.0]
[602, 436, 27, 27, 1.0]
[800, 438, 28, 28, 1.0]
[212, 459, 28, 28, 1.0]
[856, 461, 27, 27, 1.0]
[191, 470, 29, 29, 1.0]
[487, 472, 29, 29, 1.0]
[74, 477, 29, 29, 1.0]
[1, 488, 28, 28, 1.0]
[660, 491, 26, 26, 1.0]
[199, 544, 28, 28, 1.0]
[222, 621, 30, 30, 1.0]
[959, 519, 26, 26, 1.0]
[778, 555, 29, 29, 1.0]
[851, 560, 26, 26, 1.0]
[187, 578, 33, 33, 1.0]
[355, 560, 29, 29, 1.0]
[928, 561, 29, 29, 1.0]
[14, 682, 33, 33, 1.0]
[62, 627, 33, 33, 1.0]
[119, 676, 36, 36, 1.0]
[1, 575, 32, 32, 1.0]
[275, 746, 34, 34, 1.0]
[105, 743, 36, 36, 1.0]
[187, 757, 34, 34, 1.0]
[89, 739, 45, 45, 1.0]
[65, 802, 38, 38, 1.0]
[924, 817, 32, 32, 1.0]
[859, 823, 32, 32, 1.0]
[304, 735, 67, 67, 1.0]
[171, 774, 64, 64, 1.0]
[526, 732, 108, 108, 1.0]
[224, 718, 219, 219, 1.0]
[274, 1130, 28, 28, 1.0]
[714, 1186, 85, 85, 1.0]
