35_Basketball_basketballgame_ball_35_263.jpg
19
[763, 144, 129, 129, 1.0]
[358, 369, 136, 136, 1.0]
[507, 625, 46, 46, 1.0]
[948, 506, 72, 72, 1.0]
[522, 563, 254, 254, 1.0]
[630, 572, 96, 96, 1.0]
[109, 714, 87, 87, 1.0]
[786, 942, 73, 73, 1.0]
[891, 838, 89, 89, 1.0]
[55, 1032, 88, 88, 1.0]
[809, 1053, 100, 100, 1.0]
[851, 1215, 91, 91, 1.0]
[714, 1146, 96, 96, 1.0]
[736, 1294, 96, 96, 1.0]
[624, 1295, 100, 100, 1.0]
[829, 1323, 103, 103, 1.0]
[5, 1326, 108, 108, 1.0]
[700, 1402, 113, 113, 1.0]
[94, 1375, 113, 113, 1.0]
