35_Basketball_basketballgame_ball_35_188.jpg
38
[408, 344, 28, 28, 1.0]
[100, 348, 27, 27, 1.0]
[209, 264, 25, 25, 1.0]
[752, 358, 26, 26, 1.0]
[64, 277, 30, 30, 1.0]
[25, 172, 27, 27, 1.0]
[124, 389, 28, 28, 1.0]
[62, 388, 30, 30, 1.0]
[281, 430, 28, 28, 1.0]
[983, 396, 26, 26, 1.0]
[230, 436, 30, 30, 1.0]
[864, 421, 28, 28, 1.0]
[608, 473, 32, 32, 1.0]
[958, 478, 25, 25, 1.0]
[359, 392, 29, 29, 1.0]
[328, 482, 27, 27, 1.0]
[738, 481, 28, 28, 1.0]
[803, 485, 27, 27, 1.0]
[95, 436, 30, 30, 1.0]
[194, 432, 37, 37, 1.0]
[398, 474, 30, 30, 1.0]
[386, 512, 35, 35, 1.0]
[656, 532, 30, 30, 1.0]
[449, 620, 35, 35, 1.0]
[759, 556, 34, 34, 1.0]
[259, 571, 34, 34, 1.0]
[313, 624, 34, 34, 1.0]
[16, 591, 35, 35, 1.0]
[824, 662, 39, 39, 1.0]
[537, 479, 76, 76, 1.0]
[678, 615, 36, 36, 1.0]
[480, 453, 76, 76, 1.0]
[364, 711, 32, 32, 1.0]
[713, 686, 39, 39, 1.0]
[431, 697, 39, 39, 1.0]
[62, 984, 62, 62, 1.0]
[780, 746, 85, 85, 1.0]
[856, 949, 121, 121, 1.0]
