35_Basketball_Basketball_35_612.jpg
26
[680, 132, 27, 27, 1.0]
[446, 112, 29, 29, 1.0]
[520, 117, 26, 26, 1.0]
[298, 116, 28, 28, 1.0]
[373, 119, 28, 28, 1.0]
[600, 119, 28, 28, 1.0]
[227, 128, 27, 27, 1.0]
[759, 129, 27, 27, 1.0]
[837, 195, 29, 29, 1.0]
[764, 192, 27, 27, 1.0]
[291, 199, 30, 30, 1.0]
[612, 201, 28, 28, 1.0]
[692, 202, 28, 28, 1.0]
[137, 207, 29, 29, 1.0]
[214, 218, 28, 28, 1.0]
[369, 211, 27, 27, 1.0]
[449, 212, 28, 28, 1.0]
[530, 213, 29, 29, 1.0]
[444, 258, 29, 29, 1.0]
[525, 256, 29, 29, 1.0]
[197, 260, 28, 28, 1.0]
[365, 259, 28, 28, 1.0]
[278, 260, 27, 27, 1.0]
[688, 260, 28, 28, 1.0]
[608, 266, 28, 28, 1.0]
[776, 265, 31, 31, 1.0]
