35_Basketball_Basketball_35_716.jpg
24
[405, 119, 35, 35, 1.0]
[600, 143, 37, 37, 1.0]
[510, 125, 33, 33, 1.0]
[290, 130, 38, 38, 1.0]
[336, 300, 42, 42, 1.0]
[426, 303, 41, 41, 1.0]
[610, 303, 46, 46, 1.0]
[700, 306, 39, 39, 1.0]
[199, 316, 36, 36, 1.0]
[265, 333, 37, 37, 1.0]
[128, 312, 39, 39, 1.0]
[516, 305, 42, 42, 1.0]
[260, 216, 80, 80, 1.0]
[254, 310, 58, 58, 1.0]
[468, 387, 46, 46, 1.0]
[744, 389, 50, 50, 1.0]
[559, 404, 38, 38, 1.0]
[192, 405, 49, 49, 1.0]
[649, 405, 41, 41, 1.0]
[84, 401, 53, 53, 1.0]
[290, 406, 43, 43, 1.0]
[384, 410, 38, 38, 1.0]
[410, 346, 73, 73, 1.0]
[940, 542, 62, 62, 1.0]
