35_Basketball_Basketball_35_122.jpg
33
[22, 447, 68, 68, 1.0]
[65, 734, 25, 25, 1.0]
[93, 760, 24, 24, 1.0]
[173, 760, 28, 28, 1.0]
[914, 769, 25, 25, 1.0]
[19, 787, 28, 28, 1.0]
[25, 719, 38, 38, 1.0]
[15, 830, 27, 27, 1.0]
[425, 640, 64, 64, 1.0]
[743, 839, 28, 28, 1.0]
[756, 885, 29, 29, 1.0]
[662, 846, 27, 27, 1.0]
[957, 800, 30, 30, 1.0]
[12, 881, 32, 32, 1.0]
[933, 922, 29, 29, 1.0]
[793, 923, 29, 29, 1.0]
[272, 629, 177, 177, 1.0]
[1, 849, 29, 29, 1.0]
[186, 970, 26, 26, 1.0]
[783, 988, 31, 31, 1.0]
[122, 987, 36, 36, 1.0]
[971, 1021, 30, 30, 1.0]
[19, 1049, 34, 34, 1.0]
[843, 1016, 45, 45, 1.0]
[110, 1047, 36, 36, 1.0]
[317, 730, 180, 180, 1.0]
[550, 963, 66, 66, 1.0]
[630, 1101, 46, 46, 1.0]
[546, 1037, 76, 76, 1.0]
[337, 812, 140, 140, 1.0]
[562, 1077, 54, 54, 1.0]
[582, 1186, 60, 60, 1.0]
[236, 1298, 48, 48, 1.0]
