35_Basketball_playingbasketball_35_642.jpg
23
[154, 15, 50, 50, 1.0]
[672, 73, 36, 36, 1.0]
[277, 15, 53, 53, 1.0]
[666, 40, 45, 45, 1.0]
[542, 23, 45, 45, 1.0]
[541, 53, 49, 49, 1.0]
[418, 20, 47, 47, 1.0]
[788, 19, 51, 51, 1.0]
[700, 158, 50, 50, 1.0]
[401, 165, 53, 53, 1.0]
[849, 166, 56, 56, 1.0]
[554, 167, 55, 55, 1.0]
[114, 183, 53, 53, 1.0]
[265, 185, 52, 52, 1.0]
[562, 208, 36, 36, 1.0]
[405, 206, 48, 48, 1.0]
[116, 218, 54, 54, 1.0]
[307, 204, 108, 108, 1.0]
[547, 317, 58, 58, 1.0]
[371, 334, 61, 61, 1.0]
[732, 343, 57, 57, 1.0]
[373, 375, 54, 54, 1.0]
[548, 356, 57, 57, 1.0]
