35_Basketball_playingbasketball_35_784.jpg
27
[174, 111, 37, 37, 1.0]
[654, 81, 46, 46, 1.0]
[233, 0, 30, 30, 1.0]
[894, 17, 34, 34, 1.0]
[3, 19, 35, 35, 1.0]
[377, 167, 43, 43, 1.0]
[578, 147, 45, 45, 1.0]
[685, 154, 44, 44, 1.0]
[825, 4, 40, 40, 1.0]
[287, 17, 38, 38, 1.0]
[98, 10, 39, 39, 1.0]
[269, 128, 60, 60, 1.0]
[465, 168, 48, 48, 1.0]
[914, 184, 44, 44, 1.0]
[140, 162, 43, 43, 1.0]
[18, 150, 48, 48, 1.0]
[918, 79, 50, 50, 1.0]
[517, 45, 44, 44, 1.0]
[149, 55, 45, 45, 1.0]
[696, 51, 36, 36, 1.0]
[255, 43, 35, 35, 1.0]
[93, 194, 52, 52, 1.0]
[793, 89, 77, 77, 1.0]
[521, 220, 60, 60, 1.0]
[323, 183, 61, 61, 1.0]
[416, 237, 57, 57, 1.0]
[971, 463, 50, 50, 1.0]
