35_Basketball_playingbasketball_35_308.jpg
35
[217, 290, 41, 41, 1.0]
[35, 2, 36, 36, 1.0]
[426, 13, 35, 35, 1.0]
[348, 74, 41, 41, 1.0]
[596, 158, 43, 43, 1.0]
[653, 76, 50, 50, 1.0]
[51, 146, 44, 44, 1.0]
[764, 386, 40, 40, 1.0]
[36, 396, 38, 38, 1.0]
[485, 40, 104, 104, 1.0]
[364, 294, 161, 161, 1.0]
[866, 139, 79, 79, 1.0]
[118, 447, 41, 41, 1.0]
[196, 418, 42, 42, 1.0]
[80, 430, 39, 39, 1.0]
[687, 429, 42, 42, 1.0]
[311, 511, 42, 42, 1.0]
[565, 402, 35, 35, 1.0]
[332, 412, 41, 41, 1.0]
[5, 535, 44, 44, 1.0]
[231, 450, 46, 46, 1.0]
[596, 438, 45, 45, 1.0]
[3, 448, 41, 41, 1.0]
[383, 478, 42, 42, 1.0]
[378, 574, 52, 52, 1.0]
[360, 484, 38, 38, 1.0]
[803, 500, 43, 43, 1.0]
[655, 502, 46, 46, 1.0]
[149, 498, 40, 40, 1.0]
[196, 605, 47, 47, 1.0]
[38, 611, 71, 71, 1.0]
[936, 1005, 54, 54, 1.0]
[274, 933, 64, 64, 1.0]
[236, 986, 65, 65, 1.0]
[458, 888, 80, 80, 1.0]
