35_Basketball_Basketball_35_486.jpg
25
[550, 207, 35, 35, 1.0]
[457, 212, 30, 30, 1.0]
[924, 232, 31, 31, 1.0]
[732, 218, 32, 32, 1.0]
[645, 220, 33, 33, 1.0]
[823, 222, 34, 34, 1.0]
[95, 225, 31, 31, 1.0]
[353, 215, 31, 31, 1.0]
[544, 336, 29, 29, 1.0]
[838, 339, 28, 28, 1.0]
[256, 342, 30, 30, 1.0]
[641, 343, 30, 30, 1.0]
[153, 349, 30, 30, 1.0]
[621, 265, 75, 75, 1.0]
[442, 336, 34, 34, 1.0]
[739, 349, 31, 31, 1.0]
[340, 344, 32, 32, 1.0]
[462, 338, 53, 53, 1.0]
[622, 387, 67, 67, 1.0]
[128, 398, 62, 62, 1.0]
[520, 380, 78, 78, 1.0]
[313, 389, 69, 69, 1.0]
[815, 385, 75, 75, 1.0]
[417, 385, 77, 77, 1.0]
[716, 389, 75, 75, 1.0]
