35_Basketball_Basketball_35_250.jpg
27
[567, 264, 28, 28, 1.0]
[612, 288, 26, 26, 1.0]
[764, 286, 28, 28, 1.0]
[193, 267, 29, 29, 1.0]
[384, 289, 27, 27, 1.0]
[646, 289, 26, 26, 1.0]
[350, 291, 26, 26, 1.0]
[260, 276, 28, 28, 1.0]
[512, 275, 26, 26, 1.0]
[307, 275, 30, 30, 1.0]
[481, 278, 28, 28, 1.0]
[945, 297, 28, 28, 1.0]
[838, 282, 26, 26, 1.0]
[722, 299, 31, 31, 1.0]
[232, 284, 27, 27, 1.0]
[585, 305, 26, 26, 1.0]
[878, 310, 28, 28, 1.0]
[100, 280, 31, 31, 1.0]
[167, 280, 31, 31, 1.0]
[769, 392, 27, 27, 1.0]
[824, 391, 28, 28, 1.0]
[569, 397, 27, 27, 1.0]
[491, 407, 30, 30, 1.0]
[393, 448, 31, 31, 1.0]
[602, 447, 33, 33, 1.0]
[678, 424, 34, 34, 1.0]
[809, 464, 118, 118, 1.0]
