35_Basketball_Basketball_35_452.jpg
20
[56, 85, 51, 51, 1.0]
[547, 109, 50, 50, 1.0]
[432, 94, 52, 52, 1.0]
[905, 91, 57, 57, 1.0]
[175, 105, 51, 51, 1.0]
[308, 115, 52, 52, 1.0]
[668, 115, 51, 51, 1.0]
[773, 116, 56, 56, 1.0]
[488, 228, 54, 54, 1.0]
[358, 233, 52, 52, 1.0]
[727, 226, 55, 55, 1.0]
[250, 230, 51, 51, 1.0]
[617, 236, 51, 51, 1.0]
[133, 249, 56, 56, 1.0]
[822, 249, 57, 57, 1.0]
[403, 410, 60, 60, 1.0]
[592, 304, 110, 110, 1.0]
[70, 363, 143, 143, 1.0]
[529, 406, 62, 62, 1.0]
[863, 478, 77, 77, 1.0]
