35_Basketball_basketballgame_ball_35_687.jpg
20
[443, 57, 43, 43, 1.0]
[716, 97, 39, 39, 1.0]
[665, 14, 43, 43, 1.0]
[317, 67, 57, 57, 1.0]
[613, 102, 51, 51, 1.0]
[146, 109, 47, 47, 1.0]
[396, 86, 56, 56, 1.0]
[176, 32, 49, 49, 1.0]
[63, 40, 52, 52, 1.0]
[166, 39, 119, 119, 1.0]
[961, 169, 47, 47, 1.0]
[476, 182, 54, 54, 1.0]
[407, 176, 57, 57, 1.0]
[918, 242, 53, 53, 1.0]
[137, 227, 66, 66, 1.0]
[416, 242, 61, 61, 1.0]
[5, 267, 54, 54, 1.0]
[281, 230, 67, 67, 1.0]
[212, 285, 66, 66, 1.0]
[45, 268, 90, 90, 1.0]
