35_Basketball_Basketball_35_702.jpg
44
[472, 6, 54, 54, 1.0]
[872, 66, 44, 44, 1.0]
[969, 58, 46, 46, 1.0]
[897, 247, 45, 45, 1.0]
[841, 190, 51, 51, 1.0]
[78, 67, 48, 48, 1.0]
[971, 167, 47, 47, 1.0]
[529, 246, 50, 50, 1.0]
[780, 228, 50, 50, 1.0]
[644, 231, 47, 47, 1.0]
[224, 296, 47, 47, 1.0]
[564, 297, 52, 52, 1.0]
[799, 106, 50, 50, 1.0]
[416, 67, 56, 56, 1.0]
[901, 108, 48, 48, 1.0]
[558, 96, 48, 48, 1.0]
[681, 103, 53, 53, 1.0]
[96, 107, 54, 54, 1.0]
[766, 335, 48, 48, 1.0]
[669, 332, 54, 54, 1.0]
[926, 414, 55, 55, 1.0]
[830, 430, 57, 57, 1.0]
[214, 467, 48, 48, 1.0]
[957, 617, 56, 56, 1.0]
[958, 572, 50, 50, 1.0]
[814, 570, 52, 52, 1.0]
[660, 572, 56, 56, 1.0]
[922, 484, 56, 56, 1.0]
[697, 738, 50, 50, 1.0]
[974, 742, 48, 48, 1.0]
[871, 683, 62, 62, 1.0]
[835, 749, 54, 54, 1.0]
[954, 843, 56, 56, 1.0]
[518, 850, 51, 51, 1.0]
[761, 647, 162, 162, 1.0]
[664, 941, 62, 62, 1.0]
[473, 951, 56, 56, 1.0]
[568, 898, 53, 53, 1.0]
[608, 904, 57, 57, 1.0]
[762, 909, 56, 56, 1.0]
[910, 915, 60, 60, 1.0]
[871, 790, 57, 57, 1.0]
[795, 941, 69, 69, 1.0]
[261, 868, 68, 68, 1.0]
