35_Basketball_basketballgame_ball_35_592.jpg
19
[871, 1204, 56, 56, 1.0]
[970, 1240, 46, 46, 1.0]
[80, 1330, 26, 26, 1.0]
[128, 1345, 24, 24, 1.0]
[82, 1365, 33, 33, 1.0]
[41, 1425, 26, 26, 1.0]
[518, 1438, 24, 24, 1.0]
[587, 1461, 28, 28, 1.0]
[459, 1466, 25, 25, 1.0]
[773, 1463, 30, 30, 1.0]
[715, 1474, 30, 30, 1.0]
[628, 1482, 28, 28, 1.0]
[406, 1474, 32, 32, 1.0]
[341, 1465, 29, 29, 1.0]
[549, 1468, 30, 30, 1.0]
[102, 1472, 31, 31, 1.0]
[478, 1471, 31, 31, 1.0]
[14, 1454, 37, 37, 1.0]
[644, 1586, 52, 52, 1.0]
