12_Group_Team_Organized_Group_12_Group_Team_Organized_Group_12_822.jpg
27
[218, 239, 29, 29, 1.0]
[858, 239, 32, 32, 1.0]
[810, 241, 29, 29, 1.0]
[391, 245, 28, 28, 1.0]
[427, 235, 28, 28, 1.0]
[708, 234, 29, 29, 1.0]
[459, 247, 30, 30, 1.0]
[353, 251, 27, 27, 1.0]
[508, 254, 28, 28, 1.0]
[327, 258, 28, 28, 1.0]
[585, 260, 26, 26, 1.0]
[122, 259, 32, 32, 1.0]
[633, 263, 28, 28, 1.0]
[200, 267, 27, 27, 1.0]
[757, 270, 28, 28, 1.0]
[898, 228, 44, 44, 1.0]
[253, 273, 29, 29, 1.0]
[53, 257, 37, 37, 1.0]
[779, 183, 140, 140, 1.0]
[133, 290, 31, 31, 1.0]
[731, 204, 91, 91, 1.0]
[642, 352, 28, 28, 1.0]
[411, 360, 30, 30, 1.0]
[503, 360, 29, 29, 1.0]
[769, 361, 30, 30, 1.0]
[713, 364, 28, 28, 1.0]
[577, 374, 29, 29, 1.0]
