12_Group_Large_Group_12_Group_Large_Group_12_137.jpg
37
[655, 191, 25, 25, 1.0]
[688, 207, 24, 24, 1.0]
[737, 8, 105, 105, 1.0]
[415, 215, 26, 26, 1.0]
[781, 217, 24, 24, 1.0]
[822, 216, 26, 26, 1.0]
[749, 222, 25, 25, 1.0]
[140, 222, 30, 30, 1.0]
[105, 238, 26, 26, 1.0]
[218, 238, 26, 26, 1.0]
[639, 224, 26, 26, 1.0]
[717, 225, 29, 29, 1.0]
[457, 260, 26, 26, 1.0]
[933, 261, 28, 28, 1.0]
[484, 248, 30, 30, 1.0]
[806, 265, 26, 26, 1.0]
[734, 252, 27, 27, 1.0]
[289, 265, 26, 26, 1.0]
[244, 255, 27, 27, 1.0]
[124, 269, 26, 26, 1.0]
[405, 255, 26, 26, 1.0]
[697, 256, 25, 25, 1.0]
[50, 256, 27, 27, 1.0]
[191, 256, 28, 28, 1.0]
[852, 257, 27, 27, 1.0]
[633, 275, 32, 32, 1.0]
[539, 295, 28, 28, 1.0]
[507, 295, 30, 30, 1.0]
[423, 305, 29, 29, 1.0]
[242, 230, 56, 56, 1.0]
[29, 348, 29, 29, 1.0]
[285, 361, 26, 26, 1.0]
[202, 361, 28, 28, 1.0]
[341, 365, 26, 26, 1.0]
[919, 365, 27, 27, 1.0]
[746, 366, 30, 30, 1.0]
[848, 369, 31, 31, 1.0]
