12_Group_Large_Group_12_Group_Large_Group_12_92.jpg
23
[338, 107, 66, 66, 1.0]
[411, 225, 29, 29, 1.0]
[550, 226, 27, 27, 1.0]
[498, 229, 26, 26, 1.0]
[669, 234, 30, 30, 1.0]
[448, 242, 25, 25, 1.0]
[216, 242, 27, 27, 1.0]
[358, 239, 25, 25, 1.0]
[795, 262, 27, 27, 1.0]
[464, 272, 26, 26, 1.0]
[588, 270, 28, 28, 1.0]
[649, 275, 25, 25, 1.0]
[944, 278, 28, 28, 1.0]
[69, 279, 27, 27, 1.0]
[413, 282, 26, 26, 1.0]
[238, 292, 26, 26, 1.0]
[831, 290, 28, 28, 1.0]
[758, 252, 25, 25, 1.0]
[738, 252, 26, 26, 1.0]
[420, 398, 30, 30, 1.0]
[713, 428, 31, 31, 1.0]
[521, 459, 45, 45, 1.0]
[708, 488, 34, 34, 1.0]
