12_Group_Group_12_Group_Group_12_62.jpg
20
[393, 122, 56, 56, 1.0]
[249, 133, 58, 58, 1.0]
[640, 10, 36, 36, 1.0]
[796, 124, 63, 63, 1.0]
[550, 142, 54, 54, 1.0]
[185, 145, 62, 62, 1.0]
[642, 137, 65, 65, 1.0]
[735, 93, 58, 58, 1.0]
[462, 176, 57, 57, 1.0]
[334, 158, 61, 61, 1.0]
[18, 255, 27, 27, 1.0]
[397, 247, 181, 181, 1.0]
[195, 305, 71, 71, 1.0]
[430, 430, 32, 32, 1.0]
[433, 307, 110, 110, 1.0]
[548, 492, 54, 54, 1.0]
[104, 460, 54, 54, 1.0]
[281, 450, 89, 89, 1.0]
[291, 573, 53, 53, 1.0]
[204, 529, 58, 58, 1.0]
