12_Group_Group_12_Group_Group_12_154.jpg
30
[249, 66, 56, 56, 1.0]
[78, 165, 27, 27, 1.0]
[296, 167, 26, 26, 1.0]
[238, 166, 33, 33, 1.0]
[346, 176, 26, 26, 1.0]
[665, 191, 27, 27, 1.0]
[494, 176, 26, 26, 1.0]
[750, 175, 27, 27, 1.0]
[854, 176, 27, 27, 1.0]
[525, 196, 26, 26, 1.0]
[963, 196, 27, 27, 1.0]
[878, 177, 28, 28, 1.0]
[904, 204, 30, 30, 1.0]
[625, 197, 28, 28, 1.0]
[578, 180, 26, 26, 1.0]
[700, 196, 29, 29, 1.0]
[178, 184, 27, 27, 1.0]
[126, 185, 26, 26, 1.0]
[406, 188, 28, 28, 1.0]
[770, 184, 40, 40, 1.0]
[672, 253, 30, 30, 1.0]
[774, 269, 33, 33, 1.0]
[228, 252, 38, 38, 1.0]
[481, 264, 32, 32, 1.0]
[578, 285, 32, 32, 1.0]
[402, 292, 31, 31, 1.0]
[847, 254, 37, 37, 1.0]
[315, 302, 32, 32, 1.0]
[455, 292, 57, 57, 1.0]
[278, 326, 78, 78, 1.0]
