12_Group_Large_Group_12_Group_Large_Group_12_191.jpg
25
[560, 166, 26, 26, 1.0]
[684, 162, 35, 35, 1.0]
[324, 166, 31, 31, 1.0]
[242, 168, 26, 26, 1.0]
[275, 180, 28, 28, 1.0]
[846, 203, 27, 27, 1.0]
[204, 188, 25, 25, 1.0]
[93, 219, 27, 27, 1.0]
[489, 210, 30, 30, 1.0]
[217, 199, 30, 30, 1.0]
[409, 201, 31, 31, 1.0]
[328, 204, 28, 28, 1.0]
[573, 219, 34, 34, 1.0]
[632, 224, 31, 31, 1.0]
[818, 240, 27, 27, 1.0]
[360, 247, 32, 32, 1.0]
[201, 237, 31, 31, 1.0]
[869, 253, 47, 47, 1.0]
[87, 266, 35, 35, 1.0]
[688, 340, 34, 34, 1.0]
[39, 373, 40, 40, 1.0]
[825, 347, 44, 44, 1.0]
[637, 400, 38, 38, 1.0]
[954, 353, 61, 61, 1.0]
[368, 442, 53, 53, 1.0]
