12_Group_Large_Group_12_Group_Large_Group_12_517.jpg
31
[174, 252, 28, 28, 1.0]
[262, 261, 29, 29, 1.0]
[364, 262, 26, 26, 1.0]
[600, 265, 26, 26, 1.0]
[748, 261, 30, 30, 1.0]
[141, 264, 29, 29, 1.0]
[682, 265, 29, 29, 1.0]
[399, 267, 26, 26, 1.0]
[547, 267, 28, 28, 1.0]
[183, 286, 29, 29, 1.0]
[298, 273, 28, 28, 1.0]
[440, 273, 26, 26, 1.0]
[823, 290, 26, 26, 1.0]
[211, 273, 31, 31, 1.0]
[234, 298, 29, 29, 1.0]
[338, 258, 25, 25, 1.0]
[647, 256, 30, 30, 1.0]
[892, 262, 33, 33, 1.0]
[339, 310, 33, 33, 1.0]
[492, 260, 27, 27, 1.0]
[289, 330, 39, 39, 1.0]
[87, 261, 32, 32, 1.0]
[243, 188, 67, 67, 1.0]
[84, 216, 58, 58, 1.0]
[684, 364, 31, 31, 1.0]
[407, 372, 29, 29, 1.0]
[475, 371, 30, 30, 1.0]
[540, 373, 31, 31, 1.0]
[339, 382, 31, 31, 1.0]
[616, 380, 32, 32, 1.0]
[778, 392, 32, 32, 1.0]
