12_Group_Group_12_Group_Group_12_9.jpg
33
[546, 127, 34, 34, 1.0]
[464, 133, 29, 29, 1.0]
[385, 135, 28, 28, 1.0]
[302, 150, 31, 31, 1.0]
[125, 155, 32, 32, 1.0]
[236, 165, 30, 30, 1.0]
[205, 149, 30, 30, 1.0]
[159, 168, 30, 30, 1.0]
[427, 172, 30, 30, 1.0]
[739, 171, 32, 32, 1.0]
[712, 108, 74, 74, 1.0]
[675, 85, 57, 57, 1.0]
[869, 161, 44, 44, 1.0]
[744, 47, 127, 127, 1.0]
[613, 176, 33, 33, 1.0]
[328, 178, 32, 32, 1.0]
[468, 200, 31, 31, 1.0]
[517, 179, 34, 34, 1.0]
[523, 222, 33, 33, 1.0]
[89, 189, 30, 30, 1.0]
[816, 214, 40, 40, 1.0]
[240, 223, 36, 36, 1.0]
[423, 256, 32, 32, 1.0]
[565, 200, 37, 37, 1.0]
[906, 212, 44, 44, 1.0]
[733, 264, 30, 30, 1.0]
[643, 252, 34, 34, 1.0]
[161, 209, 41, 41, 1.0]
[322, 219, 43, 43, 1.0]
[687, 205, 40, 40, 1.0]
[271, 181, 34, 34, 1.0]
[605, 311, 93, 93, 1.0]
[264, 498, 53, 53, 1.0]
