12_Group_Large_Group_12_Group_Large_Group_12_59.jpg
31
[471, 27, 68, 68, 1.0]
[711, 263, 32, 32, 1.0]
[867, 265, 32, 32, 1.0]
[372, 271, 30, 30, 1.0]
[643, 273, 29, 29, 1.0]
[589, 288, 28, 28, 1.0]
[176, 272, 32, 32, 1.0]
[529, 289, 28, 28, 1.0]
[101, 291, 33, 33, 1.0]
[300, 282, 31, 31, 1.0]
[229, 304, 28, 28, 1.0]
[484, 273, 30, 30, 1.0]
[819, 297, 35, 35, 1.0]
[709, 327, 30, 30, 1.0]
[263, 358, 34, 34, 1.0]
[655, 382, 29, 29, 1.0]
[149, 382, 32, 32, 1.0]
[577, 378, 30, 30, 1.0]
[743, 383, 33, 33, 1.0]
[320, 366, 53, 53, 1.0]
[686, 443, 28, 28, 1.0]
[334, 374, 30, 30, 1.0]
[833, 375, 33, 33, 1.0]
[467, 448, 30, 30, 1.0]
[878, 434, 32, 32, 1.0]
[540, 458, 29, 29, 1.0]
[365, 458, 30, 30, 1.0]
[614, 474, 29, 29, 1.0]
[757, 507, 33, 33, 1.0]
[739, 437, 83, 83, 1.0]
[108, 505, 102, 102, 1.0]
