12_Group_Large_Group_12_Group_Large_Group_12_93.jpg
31
[521, 144, 42, 42, 1.0]
[621, 172, 40, 40, 1.0]
[804, 165, 39, 39, 1.0]
[806, 237, 38, 38, 1.0]
[423, 163, 36, 36, 1.0]
[715, 175, 41, 41, 1.0]
[916, 176, 40, 40, 1.0]
[117, 178, 44, 44, 1.0]
[330, 180, 40, 40, 1.0]
[516, 243, 43, 43, 1.0]
[712, 254, 46, 46, 1.0]
[628, 257, 40, 40, 1.0]
[288, 259, 42, 42, 1.0]
[404, 258, 43, 43, 1.0]
[217, 200, 40, 40, 1.0]
[910, 234, 47, 47, 1.0]
[664, 358, 45, 45, 1.0]
[780, 362, 45, 45, 1.0]
[892, 354, 47, 47, 1.0]
[82, 365, 54, 54, 1.0]
[252, 379, 48, 48, 1.0]
[369, 377, 46, 46, 1.0]
[479, 386, 43, 43, 1.0]
[569, 388, 40, 40, 1.0]
[523, 323, 61, 61, 1.0]
[408, 329, 69, 69, 1.0]
[716, 330, 66, 66, 1.0]
[206, 432, 59, 59, 1.0]
[736, 447, 48, 48, 1.0]
[786, 504, 99, 99, 1.0]
[745, 532, 133, 133, 1.0]
