12_Group_Large_Group_12_Group_Large_Group_12_178.jpg
52
[464, 121, 27, 27, 1.0]
[189, 124, 25, 25, 1.0]
[479, 97, 24, 24, 1.0]
[345, 127, 24, 24, 1.0]
[388, 131, 28, 28, 1.0]
[642, 146, 26, 26, 1.0]
[512, 165, 28, 28, 1.0]
[152, 150, 25, 25, 1.0]
[220, 150, 24, 24, 1.0]
[453, 168, 26, 26, 1.0]
[406, 151, 26, 26, 1.0]
[819, 192, 27, 27, 1.0]
[715, 194, 26, 26, 1.0]
[310, 197, 26, 26, 1.0]
[273, 207, 28, 28, 1.0]
[599, 204, 30, 30, 1.0]
[499, 76, 85, 85, 1.0]
[460, 215, 27, 27, 1.0]
[399, 217, 27, 27, 1.0]
[773, 216, 30, 30, 1.0]
[284, 171, 27, 27, 1.0]
[382, 173, 28, 28, 1.0]
[182, 222, 26, 26, 1.0]
[517, 224, 26, 26, 1.0]
[686, 242, 27, 27, 1.0]
[617, 246, 30, 30, 1.0]
[715, 243, 31, 31, 1.0]
[817, 245, 29, 29, 1.0]
[328, 248, 30, 30, 1.0]
[195, 250, 30, 30, 1.0]
[377, 250, 27, 27, 1.0]
[436, 253, 27, 27, 1.0]
[538, 254, 27, 27, 1.0]
[885, 256, 29, 29, 1.0]
[123, 243, 37, 37, 1.0]
[274, 261, 28, 28, 1.0]
[69, 268, 27, 27, 1.0]
[487, 266, 29, 29, 1.0]
[847, 282, 27, 27, 1.0]
[937, 284, 29, 29, 1.0]
[773, 297, 35, 35, 1.0]
[419, 294, 27, 27, 1.0]
[217, 320, 32, 32, 1.0]
[384, 324, 36, 36, 1.0]
[142, 293, 30, 30, 1.0]
[535, 301, 35, 35, 1.0]
[853, 349, 32, 32, 1.0]
[322, 328, 28, 28, 1.0]
[67, 297, 34, 34, 1.0]
[458, 299, 35, 35, 1.0]
[687, 303, 34, 34, 1.0]
[668, 311, 59, 59, 1.0]
