12_Group_Group_12_Group_Group_12_239.jpg
24
[474, 225, 26, 26, 1.0]
[330, 227, 26, 26, 1.0]
[632, 229, 26, 26, 1.0]
[557, 244, 26, 26, 1.0]
[811, 249, 30, 30, 1.0]
[274, 310, 26, 26, 1.0]
[187, 318, 27, 27, 1.0]
[658, 320, 27, 27, 1.0]
[357, 314, 27, 27, 1.0]
[720, 325, 27, 27, 1.0]
[609, 329, 28, 28, 1.0]
[907, 339, 36, 36, 1.0]
[432, 374, 28, 28, 1.0]
[740, 380, 28, 28, 1.0]
[619, 376, 26, 26, 1.0]
[679, 388, 27, 27, 1.0]
[75, 387, 35, 35, 1.0]
[592, 304, 130, 130, 1.0]
[176, 465, 28, 28, 1.0]
[562, 488, 33, 33, 1.0]
[659, 492, 31, 31, 1.0]
[756, 503, 33, 33, 1.0]
[267, 492, 26, 26, 1.0]
[833, 487, 31, 31, 1.0]
