12_Group_Group_12_Group_Group_12_44.jpg
32
[283, 20, 62, 62, 1.0]
[661, 86, 60, 60, 1.0]
[599, 90, 55, 55, 1.0]
[446, 110, 67, 67, 1.0]
[137, 116, 75, 75, 1.0]
[370, 71, 66, 66, 1.0]
[302, 107, 69, 69, 1.0]
[530, 131, 60, 60, 1.0]
[464, 55, 59, 59, 1.0]
[632, 171, 63, 63, 1.0]
[204, 44, 70, 70, 1.0]
[692, 224, 68, 68, 1.0]
[187, 215, 84, 84, 1.0]
[341, 266, 70, 70, 1.0]
[429, 240, 66, 66, 1.0]
[781, 280, 71, 71, 1.0]
[529, 248, 80, 80, 1.0]
[138, 300, 85, 85, 1.0]
[584, 360, 82, 82, 1.0]
[54, 354, 104, 104, 1.0]
[261, 332, 76, 76, 1.0]
[713, 401, 76, 76, 1.0]
[810, 439, 85, 85, 1.0]
[424, 314, 85, 85, 1.0]
[902, 436, 105, 105, 1.0]
[721, 300, 80, 80, 1.0]
[50, 534, 167, 167, 1.0]
[593, 576, 89, 89, 1.0]
[238, 573, 108, 108, 1.0]
[253, 766, 93, 93, 1.0]
[219, 770, 84, 84, 1.0]
[433, 770, 96, 96, 1.0]
