12_Group_Group_12_Group_Group_12_139.jpg
20
[608, 141, 35, 35, 1.0]
[540, 142, 32, 32, 1.0]
[653, 156, 48, 48, 1.0]
[319, 150, 43, 43, 1.0]
[204, 152, 38, 38, 1.0]
[817, 151, 36, 36, 1.0]
[713, 162, 40, 40, 1.0]
[562, 162, 44, 44, 1.0]
[768, 173, 45, 45, 1.0]
[353, 187, 46, 46, 1.0]
[62, 186, 52, 52, 1.0]
[218, 193, 45, 45, 1.0]
[109, 210, 42, 42, 1.0]
[288, 202, 48, 48, 1.0]
[885, 158, 51, 51, 1.0]
[596, 331, 53, 53, 1.0]
[854, 342, 54, 54, 1.0]
[461, 344, 54, 54, 1.0]
[727, 319, 54, 54, 1.0]
[465, 573, 30, 30, 1.0]
