12_Group_Group_12_Group_Group_12_879.jpg
21
[314, 242, 29, 29, 1.0]
[236, 248, 29, 29, 1.0]
[750, 253, 27, 27, 1.0]
[389, 315, 29, 29, 1.0]
[476, 319, 28, 28, 1.0]
[214, 321, 29, 29, 1.0]
[552, 319, 29, 29, 1.0]
[733, 341, 26, 26, 1.0]
[183, 367, 31, 31, 1.0]
[600, 380, 32, 32, 1.0]
[686, 387, 32, 32, 1.0]
[436, 372, 29, 29, 1.0]
[262, 371, 32, 32, 1.0]
[443, 234, 81, 81, 1.0]
[958, 393, 30, 30, 1.0]
[345, 365, 32, 32, 1.0]
[26, 370, 31, 31, 1.0]
[864, 374, 30, 30, 1.0]
[522, 380, 28, 28, 1.0]
[809, 315, 65, 65, 1.0]
[291, 382, 60, 60, 1.0]
