12_Group_Large_Group_12_Group_Large_Group_12_142.jpg
29
[335, 42, 46, 46, 1.0]
[435, 59, 42, 42, 1.0]
[548, 73, 41, 41, 1.0]
[709, 67, 46, 46, 1.0]
[239, 113, 38, 38, 1.0]
[454, 129, 46, 46, 1.0]
[341, 157, 33, 33, 1.0]
[580, 135, 42, 42, 1.0]
[397, 184, 50, 50, 1.0]
[502, 190, 48, 48, 1.0]
[211, 211, 37, 37, 1.0]
[579, 209, 40, 40, 1.0]
[799, 154, 51, 51, 1.0]
[673, 202, 51, 51, 1.0]
[892, 226, 53, 53, 1.0]
[292, 234, 45, 45, 1.0]
[446, 257, 43, 43, 1.0]
[787, 260, 36, 36, 1.0]
[568, 300, 40, 40, 1.0]
[706, 297, 50, 50, 1.0]
[806, 322, 49, 49, 1.0]
[338, 277, 54, 54, 1.0]
[416, 346, 54, 54, 1.0]
[645, 362, 56, 56, 1.0]
[795, 413, 47, 47, 1.0]
[391, 433, 48, 48, 1.0]
[729, 483, 45, 45, 1.0]
[613, 484, 51, 51, 1.0]
[400, 516, 53, 53, 1.0]
