12_Group_Group_12_Group_Group_12_682.jpg
38
[592, 89, 27, 27, 1.0]
[449, 105, 29, 29, 1.0]
[377, 99, 28, 28, 1.0]
[292, 101, 30, 30, 1.0]
[522, 103, 30, 30, 1.0]
[657, 102, 28, 28, 1.0]
[754, 102, 28, 28, 1.0]
[708, 129, 29, 29, 1.0]
[830, 141, 35, 35, 1.0]
[528, 153, 29, 29, 1.0]
[183, 153, 30, 30, 1.0]
[772, 155, 29, 29, 1.0]
[366, 157, 29, 29, 1.0]
[308, 163, 29, 29, 1.0]
[584, 163, 28, 28, 1.0]
[425, 167, 27, 27, 1.0]
[474, 169, 28, 28, 1.0]
[698, 183, 25, 25, 1.0]
[635, 194, 26, 26, 1.0]
[594, 210, 28, 28, 1.0]
[634, 211, 28, 28, 1.0]
[244, 212, 30, 30, 1.0]
[719, 214, 25, 25, 1.0]
[162, 211, 35, 35, 1.0]
[513, 211, 31, 31, 1.0]
[350, 224, 34, 34, 1.0]
[429, 231, 29, 29, 1.0]
[770, 231, 30, 30, 1.0]
[679, 236, 30, 30, 1.0]
[313, 251, 28, 28, 1.0]
[677, 258, 30, 30, 1.0]
[362, 301, 34, 34, 1.0]
[257, 300, 35, 35, 1.0]
[139, 304, 35, 35, 1.0]
[469, 310, 32, 32, 1.0]
[808, 308, 33, 33, 1.0]
[576, 312, 33, 33, 1.0]
[684, 313, 38, 38, 1.0]
