12_Group_Group_12_Group_Group_12_287.jpg
44
[392, 214, 25, 25, 1.0]
[593, 221, 24, 24, 1.0]
[518, 223, 25, 25, 1.0]
[472, 232, 27, 27, 1.0]
[568, 231, 26, 26, 1.0]
[432, 237, 25, 25, 1.0]
[540, 255, 26, 26, 1.0]
[587, 266, 26, 26, 1.0]
[501, 268, 29, 29, 1.0]
[457, 272, 28, 28, 1.0]
[362, 293, 29, 29, 1.0]
[546, 295, 28, 28, 1.0]
[427, 297, 27, 27, 1.0]
[612, 298, 26, 26, 1.0]
[499, 305, 26, 26, 1.0]
[574, 312, 31, 31, 1.0]
[463, 319, 27, 27, 1.0]
[388, 324, 26, 26, 1.0]
[122, 323, 31, 31, 1.0]
[530, 329, 26, 26, 1.0]
[809, 328, 28, 28, 1.0]
[58, 332, 29, 29, 1.0]
[253, 330, 29, 29, 1.0]
[729, 359, 28, 28, 1.0]
[674, 362, 28, 28, 1.0]
[584, 364, 28, 28, 1.0]
[635, 364, 28, 28, 1.0]
[196, 347, 35, 35, 1.0]
[853, 331, 29, 29, 1.0]
[921, 332, 29, 29, 1.0]
[169, 336, 29, 29, 1.0]
[290, 334, 31, 31, 1.0]
[503, 338, 29, 29, 1.0]
[373, 431, 35, 35, 1.0]
[342, 341, 28, 28, 1.0]
[941, 339, 55, 55, 1.0]
[416, 420, 52, 52, 1.0]
[180, 498, 40, 40, 1.0]
[293, 508, 29, 29, 1.0]
[783, 506, 35, 35, 1.0]
[852, 513, 32, 32, 1.0]
[688, 499, 30, 30, 1.0]
[425, 547, 24, 24, 1.0]
[121, 497, 31, 31, 1.0]
