12_Group_Large_Group_12_Group_Large_Group_12_2.jpg
68
[34, 19, 29, 29, 1.0]
[690, 85, 27, 27, 1.0]
[680, 19, 28, 28, 1.0]
[849, 20, 26, 26, 1.0]
[495, 90, 27, 27, 1.0]
[796, 26, 26, 26, 1.0]
[892, 49, 28, 28, 1.0]
[82, 118, 27, 27, 1.0]
[227, 30, 26, 26, 1.0]
[437, 18, 27, 27, 1.0]
[361, 29, 27, 27, 1.0]
[827, 97, 26, 26, 1.0]
[202, 100, 27, 27, 1.0]
[20, 100, 28, 28, 1.0]
[84, 37, 28, 28, 1.0]
[277, 102, 27, 27, 1.0]
[285, 38, 27, 27, 1.0]
[865, 100, 27, 27, 1.0]
[139, 103, 28, 28, 1.0]
[161, 40, 27, 27, 1.0]
[764, 88, 30, 30, 1.0]
[588, 94, 30, 30, 1.0]
[549, 57, 28, 28, 1.0]
[428, 96, 29, 29, 1.0]
[910, 157, 28, 28, 1.0]
[302, 162, 28, 28, 1.0]
[431, 166, 28, 28, 1.0]
[671, 165, 27, 27, 1.0]
[785, 165, 26, 26, 1.0]
[226, 167, 28, 28, 1.0]
[622, 177, 25, 25, 1.0]
[62, 180, 29, 29, 1.0]
[282, 218, 29, 29, 1.0]
[124, 238, 32, 32, 1.0]
[749, 225, 34, 34, 1.0]
[199, 240, 28, 28, 1.0]
[348, 242, 27, 27, 1.0]
[650, 241, 29, 29, 1.0]
[816, 228, 28, 28, 1.0]
[420, 230, 29, 29, 1.0]
[924, 231, 28, 28, 1.0]
[541, 289, 35, 35, 1.0]
[34, 239, 34, 34, 1.0]
[693, 228, 30, 30, 1.0]
[877, 227, 30, 30, 1.0]
[116, 227, 33, 33, 1.0]
[449, 293, 31, 31, 1.0]
[179, 295, 36, 36, 1.0]
[254, 293, 36, 36, 1.0]
[630, 297, 35, 35, 1.0]
[729, 278, 35, 35, 1.0]
[914, 274, 52, 52, 1.0]
[826, 267, 43, 43, 1.0]
[367, 284, 38, 38, 1.0]
[92, 297, 38, 38, 1.0]
[744, 316, 60, 60, 1.0]
[790, 347, 42, 42, 1.0]
[191, 358, 43, 43, 1.0]
[884, 350, 47, 47, 1.0]
[78, 365, 49, 49, 1.0]
[286, 365, 53, 53, 1.0]
[399, 374, 38, 38, 1.0]
[576, 371, 50, 50, 1.0]
[470, 378, 45, 45, 1.0]
[544, 523, 54, 54, 1.0]
[395, 524, 58, 58, 1.0]
[646, 570, 53, 53, 1.0]
[718, 575, 53, 53, 1.0]
