12_Group_Group_12_Group_Group_12_436.jpg
61
[749, 129, 30, 30, 1.0]
[44, 96, 37, 37, 1.0]
[587, 137, 43, 43, 1.0]
[268, 83, 44, 44, 1.0]
[406, 76, 50, 50, 1.0]
[105, 127, 46, 46, 1.0]
[462, 127, 47, 47, 1.0]
[815, 110, 40, 40, 1.0]
[739, 74, 52, 52, 1.0]
[219, 109, 49, 49, 1.0]
[842, 71, 49, 49, 1.0]
[937, 63, 47, 47, 1.0]
[693, 116, 45, 45, 1.0]
[937, 118, 47, 47, 1.0]
[161, 43, 50, 50, 1.0]
[516, 59, 46, 46, 1.0]
[342, 117, 48, 48, 1.0]
[621, 54, 50, 50, 1.0]
[591, 191, 36, 36, 1.0]
[753, 177, 57, 57, 1.0]
[875, 187, 50, 50, 1.0]
[90, 179, 53, 53, 1.0]
[518, 189, 51, 51, 1.0]
[646, 217, 46, 46, 1.0]
[3, 221, 49, 49, 1.0]
[810, 251, 53, 53, 1.0]
[266, 192, 58, 58, 1.0]
[476, 240, 54, 54, 1.0]
[486, 300, 34, 34, 1.0]
[345, 265, 61, 61, 1.0]
[238, 270, 53, 53, 1.0]
[706, 254, 56, 56, 1.0]
[100, 259, 59, 59, 1.0]
[592, 263, 54, 54, 1.0]
[933, 247, 59, 59, 1.0]
[398, 304, 54, 54, 1.0]
[152, 313, 52, 52, 1.0]
[911, 317, 55, 55, 1.0]
[668, 307, 56, 56, 1.0]
[284, 299, 56, 56, 1.0]
[914, 374, 46, 46, 1.0]
[157, 369, 41, 41, 1.0]
[799, 317, 52, 52, 1.0]
[611, 418, 54, 54, 1.0]
[527, 326, 60, 60, 1.0]
[964, 419, 54, 54, 1.0]
[402, 366, 48, 48, 1.0]
[38, 335, 53, 53, 1.0]
[913, 428, 57, 57, 1.0]
[105, 390, 63, 63, 1.0]
[234, 392, 56, 56, 1.0]
[490, 465, 48, 48, 1.0]
[367, 440, 57, 57, 1.0]
[772, 451, 48, 48, 1.0]
[14, 540, 53, 53, 1.0]
[738, 533, 55, 55, 1.0]
[559, 511, 60, 60, 1.0]
[180, 505, 61, 61, 1.0]
[379, 508, 72, 72, 1.0]
[943, 544, 53, 53, 1.0]
[490, 513, 74, 74, 1.0]
