12_Group_Large_Group_12_Group_Large_Group_12_168.jpg
33
[355, 37, 41, 41, 1.0]
[628, 89, 34, 34, 1.0]
[266, 43, 36, 36, 1.0]
[521, 63, 50, 50, 1.0]
[705, 54, 45, 45, 1.0]
[879, 151, 43, 43, 1.0]
[641, 141, 47, 47, 1.0]
[808, 109, 40, 40, 1.0]
[238, 113, 38, 38, 1.0]
[311, 150, 49, 49, 1.0]
[737, 158, 51, 51, 1.0]
[420, 89, 48, 48, 1.0]
[138, 73, 49, 49, 1.0]
[546, 149, 49, 49, 1.0]
[64, 153, 46, 46, 1.0]
[410, 165, 51, 51, 1.0]
[191, 180, 50, 50, 1.0]
[813, 224, 52, 52, 1.0]
[465, 227, 53, 53, 1.0]
[596, 244, 43, 43, 1.0]
[733, 261, 53, 53, 1.0]
[906, 255, 55, 55, 1.0]
[348, 271, 53, 53, 1.0]
[204, 272, 49, 49, 1.0]
[636, 282, 54, 54, 1.0]
[738, 298, 47, 47, 1.0]
[908, 231, 61, 61, 1.0]
[839, 337, 43, 43, 1.0]
[82, 330, 60, 60, 1.0]
[512, 332, 53, 53, 1.0]
[408, 397, 57, 57, 1.0]
[271, 406, 61, 61, 1.0]
[623, 375, 67, 67, 1.0]
