12_Group_Team_Organized_Group_12_Group_Team_Organized_Group_12_887.jpg
24
[622, 242, 32, 32, 1.0]
[575, 167, 48, 48, 1.0]
[301, 244, 40, 40, 1.0]
[238, 224, 35, 35, 1.0]
[560, 230, 42, 42, 1.0]
[191, 240, 44, 44, 1.0]
[804, 211, 41, 41, 1.0]
[507, 214, 40, 40, 1.0]
[908, 280, 40, 40, 1.0]
[351, 257, 35, 35, 1.0]
[347, 340, 36, 36, 1.0]
[140, 248, 38, 38, 1.0]
[262, 349, 35, 35, 1.0]
[411, 354, 37, 37, 1.0]
[247, 286, 54, 54, 1.0]
[470, 366, 35, 35, 1.0]
[670, 353, 42, 42, 1.0]
[677, 384, 29, 29, 1.0]
[189, 347, 54, 54, 1.0]
[838, 262, 53, 53, 1.0]
[809, 294, 142, 142, 1.0]
[580, 401, 24, 24, 1.0]
[47, 219, 340, 340, 1.0]
[782, 425, 46, 46, 1.0]
