12_Group_Group_12_Group_Group_12_413.jpg
24
[184, 127, 49, 49, 1.0]
[785, 119, 58, 58, 1.0]
[308, 128, 52, 52, 1.0]
[432, 142, 45, 45, 1.0]
[547, 136, 57, 57, 1.0]
[638, 266, 39, 39, 1.0]
[760, 238, 54, 54, 1.0]
[166, 191, 56, 56, 1.0]
[382, 206, 51, 51, 1.0]
[266, 193, 58, 58, 1.0]
[869, 201, 52, 52, 1.0]
[81, 211, 50, 50, 1.0]
[633, 221, 53, 53, 1.0]
[482, 212, 54, 54, 1.0]
[454, 335, 62, 62, 1.0]
[299, 341, 58, 58, 1.0]
[886, 344, 57, 57, 1.0]
[744, 346, 53, 53, 1.0]
[875, 326, 55, 55, 1.0]
[588, 355, 54, 54, 1.0]
[450, 306, 72, 72, 1.0]
[130, 359, 57, 57, 1.0]
[596, 397, 46, 46, 1.0]
[944, 614, 37, 37, 1.0]
