12_Group_Group_12_Group_Group_12_46.jpg
37
[172, 101, 60, 60, 1.0]
[260, 270, 26, 26, 1.0]
[292, 303, 28, 28, 1.0]
[41, 304, 28, 28, 1.0]
[475, 314, 26, 26, 1.0]
[343, 319, 26, 26, 1.0]
[543, 332, 26, 26, 1.0]
[249, 334, 26, 26, 1.0]
[204, 335, 27, 27, 1.0]
[391, 338, 29, 29, 1.0]
[758, 341, 29, 29, 1.0]
[154, 358, 25, 25, 1.0]
[271, 359, 26, 26, 1.0]
[709, 369, 25, 25, 1.0]
[819, 372, 25, 25, 1.0]
[227, 376, 28, 28, 1.0]
[390, 384, 26, 26, 1.0]
[315, 382, 29, 29, 1.0]
[591, 418, 24, 24, 1.0]
[844, 447, 27, 27, 1.0]
[344, 423, 31, 31, 1.0]
[412, 423, 26, 26, 1.0]
[469, 425, 25, 25, 1.0]
[777, 391, 26, 26, 1.0]
[894, 433, 26, 26, 1.0]
[786, 456, 27, 27, 1.0]
[595, 458, 27, 27, 1.0]
[651, 458, 26, 26, 1.0]
[277, 403, 28, 28, 1.0]
[836, 408, 25, 25, 1.0]
[532, 460, 26, 26, 1.0]
[450, 466, 26, 26, 1.0]
[704, 469, 25, 25, 1.0]
[256, 456, 30, 30, 1.0]
[776, 586, 25, 25, 1.0]
[820, 521, 68, 68, 1.0]
[555, 587, 33, 33, 1.0]
