12_Group_Large_Group_12_Group_Large_Group_12_754.jpg
23
[47, 346, 48, 48, 1.0]
[660, 374, 48, 48, 1.0]
[917, 299, 55, 55, 1.0]
[629, 116, 48, 48, 1.0]
[381, 134, 62, 62, 1.0]
[932, 244, 55, 55, 1.0]
[336, 252, 286, 286, 1.0]
[162, 476, 38, 38, 1.0]
[432, 112, 121, 121, 1.0]
[938, 616, 32, 32, 1.0]
[794, 555, 56, 56, 1.0]
[109, 559, 63, 63, 1.0]
[40, 620, 54, 54, 1.0]
[277, 508, 114, 114, 1.0]
[898, 534, 103, 103, 1.0]
[383, 922, 61, 61, 1.0]
[443, 900, 130, 130, 1.0]
[935, 1036, 51, 51, 1.0]
[919, 1090, 51, 51, 1.0]
[162, 1262, 33, 33, 1.0]
[305, 1286, 117, 117, 1.0]
[796, 1343, 54, 54, 1.0]
[110, 1345, 61, 61, 1.0]
