12_Group_Large_Group_12_Group_Large_Group_12_53.jpg
41
[856, 20, 51, 51, 1.0]
[587, 152, 33, 33, 1.0]
[202, 32, 50, 50, 1.0]
[62, 68, 49, 49, 1.0]
[666, 122, 55, 55, 1.0]
[606, 21, 56, 56, 1.0]
[58, 0, 45, 45, 1.0]
[297, 78, 53, 53, 1.0]
[533, 158, 56, 56, 1.0]
[405, 144, 65, 65, 1.0]
[284, 181, 50, 50, 1.0]
[56, 174, 62, 62, 1.0]
[409, 173, 57, 57, 1.0]
[173, 226, 57, 57, 1.0]
[171, 302, 50, 50, 1.0]
[422, 272, 60, 60, 1.0]
[281, 293, 62, 62, 1.0]
[87, 305, 63, 63, 1.0]
[346, 363, 64, 64, 1.0]
[956, 369, 60, 60, 1.0]
[156, 257, 88, 88, 1.0]
[607, 341, 57, 57, 1.0]
[820, 332, 73, 73, 1.0]
[183, 415, 57, 57, 1.0]
[641, 421, 26, 26, 1.0]
[22, 322, 56, 56, 1.0]
[492, 423, 59, 59, 1.0]
[740, 464, 54, 54, 1.0]
[227, 407, 55, 55, 1.0]
[22, 458, 59, 59, 1.0]
[424, 517, 60, 60, 1.0]
[570, 501, 69, 69, 1.0]
[92, 551, 63, 63, 1.0]
[897, 514, 61, 61, 1.0]
[223, 551, 63, 63, 1.0]
[618, 692, 63, 63, 1.0]
[138, 630, 55, 55, 1.0]
[824, 620, 64, 64, 1.0]
[944, 630, 68, 68, 1.0]
[412, 633, 76, 76, 1.0]
[403, 593, 92, 92, 1.0]
