12_Group_Team_Organized_Group_12_Group_Team_Organized_Group_12_179.jpg
26
[446, 19, 43, 43, 1.0]
[563, 66, 48, 48, 1.0]
[253, 54, 45, 45, 1.0]
[756, 50, 48, 48, 1.0]
[627, 36, 51, 51, 1.0]
[215, 108, 45, 45, 1.0]
[527, 26, 48, 48, 1.0]
[373, 67, 45, 45, 1.0]
[484, 64, 51, 51, 1.0]
[153, 99, 44, 44, 1.0]
[289, 102, 46, 46, 1.0]
[699, 71, 47, 47, 1.0]
[435, 101, 38, 38, 1.0]
[816, 73, 51, 51, 1.0]
[61, 85, 51, 51, 1.0]
[862, 70, 64, 64, 1.0]
[558, 184, 53, 53, 1.0]
[411, 231, 43, 43, 1.0]
[237, 234, 48, 48, 1.0]
[155, 262, 43, 43, 1.0]
[478, 248, 46, 46, 1.0]
[795, 242, 52, 52, 1.0]
[342, 232, 54, 54, 1.0]
[662, 300, 55, 55, 1.0]
[564, 283, 54, 54, 1.0]
[637, 362, 26, 26, 1.0]
