12_Group_Group_12_Group_Group_12_27.jpg
22
[458, 96, 58, 58, 1.0]
[328, 72, 53, 53, 1.0]
[653, 136, 59, 59, 1.0]
[254, 147, 57, 57, 1.0]
[515, 84, 56, 56, 1.0]
[403, 61, 49, 49, 1.0]
[733, 55, 55, 55, 1.0]
[158, 68, 54, 54, 1.0]
[579, 71, 56, 56, 1.0]
[144, 169, 55, 55, 1.0]
[869, 170, 56, 56, 1.0]
[413, 179, 53, 53, 1.0]
[722, 199, 49, 49, 1.0]
[583, 190, 56, 56, 1.0]
[872, 223, 54, 54, 1.0]
[75, 229, 59, 59, 1.0]
[527, 220, 65, 65, 1.0]
[712, 253, 61, 61, 1.0]
[234, 246, 63, 63, 1.0]
[369, 299, 57, 57, 1.0]
[553, 646, 54, 54, 1.0]
[544, 713, 59, 59, 1.0]
