12_Group_Group_12_Group_Group_12_211.jpg
31
[521, 130, 27, 27, 1.0]
[602, 114, 30, 30, 1.0]
[443, 105, 28, 28, 1.0]
[159, 145, 29, 29, 1.0]
[362, 129, 30, 30, 1.0]
[777, 162, 31, 31, 1.0]
[563, 168, 31, 31, 1.0]
[278, 170, 32, 32, 1.0]
[851, 158, 32, 32, 1.0]
[208, 171, 31, 31, 1.0]
[238, 201, 31, 31, 1.0]
[319, 201, 31, 31, 1.0]
[452, 202, 27, 27, 1.0]
[83, 224, 38, 38, 1.0]
[189, 208, 27, 27, 1.0]
[530, 210, 28, 28, 1.0]
[618, 176, 31, 31, 1.0]
[654, 153, 38, 38, 1.0]
[391, 196, 30, 30, 1.0]
[306, 250, 33, 33, 1.0]
[583, 258, 32, 32, 1.0]
[526, 180, 33, 33, 1.0]
[668, 228, 37, 37, 1.0]
[904, 246, 37, 37, 1.0]
[480, 239, 40, 40, 1.0]
[169, 248, 36, 36, 1.0]
[820, 205, 36, 36, 1.0]
[238, 251, 34, 34, 1.0]
[808, 250, 39, 39, 1.0]
[742, 265, 42, 42, 1.0]
[938, 482, 67, 67, 1.0]
