12_Group_Group_12_Group_Group_12_252.jpg
21
[228, 286, 37, 37, 1.0]
[124, 272, 36, 36, 1.0]
[658, 299, 33, 33, 1.0]
[185, 280, 33, 33, 1.0]
[251, 259, 35, 35, 1.0]
[470, 264, 35, 35, 1.0]
[322, 272, 31, 31, 1.0]
[769, 289, 41, 41, 1.0]
[267, 293, 36, 36, 1.0]
[365, 313, 40, 40, 1.0]
[720, 294, 40, 40, 1.0]
[501, 283, 41, 41, 1.0]
[459, 309, 40, 40, 1.0]
[546, 313, 40, 40, 1.0]
[410, 295, 37, 37, 1.0]
[297, 319, 41, 41, 1.0]
[644, 269, 36, 36, 1.0]
[584, 293, 40, 40, 1.0]
[83, 201, 59, 59, 1.0]
[725, 406, 30, 30, 1.0]
[912, 544, 91, 91, 1.0]
