12_Group_Large_Group_12_Group_Large_Group_12_111.jpg
25
[890, 218, 26, 26, 1.0]
[512, 233, 28, 28, 1.0]
[905, 242, 29, 29, 1.0]
[740, 246, 26, 26, 1.0]
[790, 248, 28, 28, 1.0]
[344, 251, 32, 32, 1.0]
[832, 274, 31, 31, 1.0]
[537, 277, 31, 31, 1.0]
[389, 280, 31, 31, 1.0]
[382, 248, 34, 34, 1.0]
[143, 269, 35, 35, 1.0]
[231, 274, 36, 36, 1.0]
[34, 366, 45, 45, 1.0]
[152, 332, 38, 38, 1.0]
[499, 310, 46, 46, 1.0]
[553, 348, 50, 50, 1.0]
[243, 338, 48, 48, 1.0]
[921, 299, 56, 56, 1.0]
[625, 301, 54, 54, 1.0]
[696, 283, 44, 44, 1.0]
[474, 435, 42, 42, 1.0]
[805, 395, 59, 59, 1.0]
[862, 295, 51, 51, 1.0]
[743, 463, 164, 164, 1.0]
[887, 570, 68, 68, 1.0]
