12_Group_Group_12_Group_Group_12_250.jpg
34
[629, 85, 29, 29, 1.0]
[770, 105, 36, 36, 1.0]
[212, 74, 34, 34, 1.0]
[379, 96, 30, 30, 1.0]
[102, 95, 35, 35, 1.0]
[476, 116, 36, 36, 1.0]
[494, 63, 41, 41, 1.0]
[352, 122, 36, 36, 1.0]
[280, 67, 35, 35, 1.0]
[60, 147, 32, 32, 1.0]
[308, 72, 31, 31, 1.0]
[538, 75, 33, 33, 1.0]
[166, 105, 32, 32, 1.0]
[669, 87, 39, 39, 1.0]
[725, 87, 40, 40, 1.0]
[596, 91, 41, 41, 1.0]
[257, 120, 37, 37, 1.0]
[574, 164, 38, 38, 1.0]
[247, 165, 42, 42, 1.0]
[679, 171, 33, 33, 1.0]
[144, 151, 37, 37, 1.0]
[637, 179, 41, 41, 1.0]
[382, 208, 38, 38, 1.0]
[721, 193, 37, 37, 1.0]
[765, 182, 35, 35, 1.0]
[514, 182, 47, 47, 1.0]
[825, 209, 36, 36, 1.0]
[918, 221, 41, 41, 1.0]
[177, 224, 44, 44, 1.0]
[675, 234, 37, 37, 1.0]
[285, 240, 38, 38, 1.0]
[424, 238, 45, 45, 1.0]
[783, 238, 41, 41, 1.0]
[544, 248, 40, 40, 1.0]
