12_Group_Team_Organized_Group_12_Group_Team_Organized_Group_12_369.jpg
25
[150, 77, 31, 31, 1.0]
[254, 81, 33, 33, 1.0]
[297, 87, 29, 29, 1.0]
[379, 86, 30, 30, 1.0]
[524, 90, 28, 28, 1.0]
[795, 89, 30, 30, 1.0]
[604, 93, 27, 27, 1.0]
[691, 92, 29, 29, 1.0]
[345, 106, 30, 30, 1.0]
[446, 108, 29, 29, 1.0]
[73, 89, 35, 35, 1.0]
[641, 122, 32, 32, 1.0]
[738, 104, 32, 32, 1.0]
[532, 118, 30, 30, 1.0]
[925, 100, 33, 33, 1.0]
[826, 97, 35, 35, 1.0]
[583, 176, 33, 33, 1.0]
[505, 165, 35, 35, 1.0]
[199, 175, 36, 36, 1.0]
[280, 173, 41, 41, 1.0]
[711, 171, 42, 42, 1.0]
[819, 178, 40, 40, 1.0]
[620, 214, 30, 30, 1.0]
[409, 209, 42, 42, 1.0]
[446, 344, 75, 75, 1.0]
