12_Group_Group_12_Group_Group_12_227.jpg
35
712 148 36 36 1.0
563 185 35 35 1.0
834 195 35 35 1.0
238 180 36 36 1.0
692 218 38 38 1.0
293 178 43 43 1.0
644 203 41 41 1.0
394 184 35 35 1.0
511 227 34 34 1.0
470 125 36 36 1.0
336 156 34 34 1.0
377 125 35 35 1.0
482 201 35 35 1.0
806 262 34 34 1.0
551 136 35 35 1.0
645 278 36 36 1.0
323 220 38 38 1.0
442 149 37 37 1.0
728 185 39 39 1.0
632 150 41 41 1.0
599 219 45 45 1.0
234 274 46 46 1.0
543 281 42 42 1.0
422 224 40 40 1.0
383 238 49 49 1.0
177 257 48 48 1.0
297 255 45 45 1.0
727 266 44 44 1.0
476 273 42 42 1.0
585 279 53 53 1.0
385 305 42 42 1.0
350 426 27 27 1.0
701 474 43 43 1.0
449 376 67 67 1.0
654 499 48 48 1.0
