12_Group_Group_12_Group_Group_12_495.jpg
22
[286, 210, 48, 48, 1.0]
[888, 233, 28, 28, 1.0]
[378, 214, 49, 49, 1.0]
[123, 218, 53, 53, 1.0]
[185, 222, 43, 43, 1.0]
[544, 224, 45, 45, 1.0]
[233, 226, 47, 47, 1.0]
[619, 228, 45, 45, 1.0]
[794, 236, 40, 40, 1.0]
[703, 249, 43, 43, 1.0]
[847, 248, 48, 48, 1.0]
[653, 254, 48, 48, 1.0]
[72, 244, 43, 43, 1.0]
[413, 277, 43, 43, 1.0]
[550, 273, 44, 44, 1.0]
[335, 264, 35, 35, 1.0]
[737, 257, 51, 51, 1.0]
[485, 262, 43, 43, 1.0]
[920, 263, 47, 47, 1.0]
[245, 343, 43, 43, 1.0]
[552, 341, 67, 67, 1.0]
[21, 380, 108, 108, 1.0]
