12_Group_Group_12_Group_Group_12_76.jpg
26
[684, 25, 43, 43, 1.0]
[457, 294, 30, 30, 1.0]
[497, 305, 33, 33, 1.0]
[664, 295, 36, 36, 1.0]
[619, 312, 27, 27, 1.0]
[345, 305, 38, 38, 1.0]
[587, 315, 32, 32, 1.0]
[424, 318, 36, 36, 1.0]
[377, 328, 37, 37, 1.0]
[462, 333, 35, 35, 1.0]
[538, 306, 43, 43, 1.0]
[709, 307, 43, 43, 1.0]
[744, 325, 45, 45, 1.0]
[406, 359, 35, 35, 1.0]
[307, 351, 37, 37, 1.0]
[166, 345, 47, 47, 1.0]
[268, 351, 46, 46, 1.0]
[606, 348, 49, 49, 1.0]
[71, 360, 51, 51, 1.0]
[810, 332, 59, 59, 1.0]
[518, 360, 48, 48, 1.0]
[944, 482, 73, 73, 1.0]
[831, 573, 52, 52, 1.0]
[347, 577, 56, 56, 1.0]
[392, 594, 25, 25, 1.0]
[288, 550, 51, 51, 1.0]
