12_Group_Group_12_Group_Group_12_107.jpg
23
[478, 70, 60, 60, 1.0]
[407, 103, 26, 26, 1.0]
[922, 115, 27, 27, 1.0]
[188, 124, 26, 26, 1.0]
[852, 125, 28, 28, 1.0]
[505, 129, 25, 25, 1.0]
[746, 128, 25, 25, 1.0]
[801, 131, 26, 26, 1.0]
[366, 135, 25, 25, 1.0]
[66, 156, 29, 29, 1.0]
[863, 160, 26, 26, 1.0]
[911, 157, 30, 30, 1.0]
[707, 203, 33, 33, 1.0]
[180, 128, 60, 60, 1.0]
[530, 204, 26, 26, 1.0]
[294, 206, 25, 25, 1.0]
[470, 207, 26, 26, 1.0]
[411, 207, 29, 29, 1.0]
[359, 210, 26, 26, 1.0]
[593, 210, 28, 28, 1.0]
[468, 306, 28, 28, 1.0]
[581, 270, 58, 58, 1.0]
[569, 292, 54, 54, 1.0]
