12_Group_Large_Group_12_Group_Large_Group_12_131.jpg
55
[185, 26, 36, 36, 1.0]
[238, 50, 36, 36, 1.0]
[52, 43, 38, 38, 1.0]
[524, 135, 37, 37, 1.0]
[615, 42, 39, 39, 1.0]
[565, 58, 43, 43, 1.0]
[177, 82, 40, 40, 1.0]
[98, 126, 39, 39, 1.0]
[411, 127, 38, 38, 1.0]
[758, 7, 35, 35, 1.0]
[280, 133, 43, 43, 1.0]
[358, 79, 34, 34, 1.0]
[670, 5, 36, 36, 1.0]
[461, 66, 37, 37, 1.0]
[514, 17, 37, 37, 1.0]
[646, 89, 41, 41, 1.0]
[644, 143, 46, 46, 1.0]
[136, 152, 46, 46, 1.0]
[916, 152, 45, 45, 1.0]
[355, 158, 44, 44, 1.0]
[763, 154, 53, 53, 1.0]
[849, 155, 52, 52, 1.0]
[221, 162, 43, 43, 1.0]
[274, 76, 43, 43, 1.0]
[870, 192, 49, 49, 1.0]
[553, 186, 51, 51, 1.0]
[431, 200, 56, 56, 1.0]
[312, 206, 49, 49, 1.0]
[205, 234, 49, 49, 1.0]
[684, 233, 50, 50, 1.0]
[9, 211, 51, 51, 1.0]
[389, 254, 50, 50, 1.0]
[621, 275, 55, 55, 1.0]
[79, 302, 48, 48, 1.0]
[306, 301, 53, 53, 1.0]
[522, 269, 53, 53, 1.0]
[410, 164, 98, 98, 1.0]
[146, 301, 54, 54, 1.0]
[853, 311, 53, 53, 1.0]
[467, 319, 54, 54, 1.0]
[391, 368, 51, 51, 1.0]
[948, 336, 58, 58, 1.0]
[12, 329, 62, 62, 1.0]
[86, 390, 61, 61, 1.0]
[747, 410, 56, 56, 1.0]
[642, 387, 54, 54, 1.0]
[288, 444, 54, 54, 1.0]
[849, 422, 59, 59, 1.0]
[467, 492, 64, 64, 1.0]
[361, 546, 56, 56, 1.0]
[730, 544, 75, 75, 1.0]
[884, 572, 59, 59, 1.0]
[615, 507, 64, 64, 1.0]
[160, 503, 67, 67, 1.0]
[292, 572, 34, 34, 1.0]
