12_Group_Large_Group_12_Group_Large_Group_12_19.jpg
91
[497, 71, 27, 27, 1.0]
[793, 70, 28, 28, 1.0]
[811, 122, 27, 27, 1.0]
[729, 146, 30, 30, 1.0]
[497, 121, 30, 30, 1.0]
[751, 101, 28, 28, 1.0]
[700, 56, 27, 27, 1.0]
[922, 122, 29, 29, 1.0]
[621, 58, 28, 28, 1.0]
[575, 79, 30, 30, 1.0]
[364, 105, 29, 29, 1.0]
[389, 85, 24, 24, 1.0]
[365, 153, 31, 31, 1.0]
[228, 108, 28, 28, 1.0]
[543, 165, 33, 33, 1.0]
[622, 165, 33, 33, 1.0]
[431, 87, 31, 31, 1.0]
[184, 169, 29, 29, 1.0]
[682, 91, 27, 27, 1.0]
[649, 112, 29, 29, 1.0]
[155, 134, 32, 32, 1.0]
[331, 138, 27, 27, 1.0]
[250, 139, 29, 29, 1.0]
[420, 140, 29, 29, 1.0]
[839, 145, 31, 31, 1.0]
[950, 180, 35, 35, 1.0]
[123, 104, 31, 31, 1.0]
[693, 188, 27, 27, 1.0]
[581, 126, 29, 29, 1.0]
[448, 156, 35, 35, 1.0]
[385, 64, 28, 28, 1.0]
[616, 73, 35, 35, 1.0]
[71, 160, 31, 31, 1.0]
[270, 163, 37, 37, 1.0]
[306, 67, 33, 33, 1.0]
[100, 184, 36, 36, 1.0]
[766, 166, 34, 34, 1.0]
[452, 181, 35, 35, 1.0]
[575, 223, 29, 29, 1.0]
[745, 205, 35, 35, 1.0]
[481, 210, 29, 29, 1.0]
[879, 225, 33, 33, 1.0]
[508, 226, 34, 34, 1.0]
[399, 197, 35, 35, 1.0]
[195, 198, 37, 37, 1.0]
[311, 233, 32, 32, 1.0]
[681, 251, 29, 29, 1.0]
[445, 249, 33, 33, 1.0]
[814, 256, 28, 28, 1.0]
[94, 230, 36, 36, 1.0]
[503, 286, 38, 38, 1.0]
[256, 256, 35, 35, 1.0]
[137, 266, 34, 34, 1.0]
[356, 267, 32, 32, 1.0]
[630, 272, 34, 34, 1.0]
[691, 303, 36, 36, 1.0]
[376, 325, 33, 33, 1.0]
[96, 286, 41, 41, 1.0]
[776, 332, 31, 31, 1.0]
[600, 318, 34, 34, 1.0]
[175, 287, 39, 39, 1.0]
[870, 328, 31, 31, 1.0]
[276, 334, 31, 31, 1.0]
[534, 340, 41, 41, 1.0]
[76, 340, 39, 39, 1.0]
[960, 279, 50, 50, 1.0]
[642, 359, 34, 34, 1.0]
[944, 370, 36, 36, 1.0]
[722, 389, 33, 33, 1.0]
[221, 397, 35, 35, 1.0]
[429, 359, 76, 76, 1.0]
[92, 398, 40, 40, 1.0]
[831, 369, 38, 38, 1.0]
[565, 416, 38, 38, 1.0]
[448, 428, 36, 36, 1.0]
[365, 399, 44, 44, 1.0]
[662, 428, 37, 37, 1.0]
[477, 489, 45, 45, 1.0]
[263, 398, 44, 44, 1.0]
[235, 498, 36, 36, 1.0]
[170, 447, 41, 41, 1.0]
[324, 485, 43, 43, 1.0]
[681, 504, 45, 45, 1.0]
[573, 509, 48, 48, 1.0]
[390, 513, 47, 47, 1.0]
[780, 515, 47, 47, 1.0]
[241, 531, 25, 25, 1.0]
[149, 523, 50, 50, 1.0]
[819, 489, 115, 115, 1.0]
[98, 661, 48, 48, 1.0]
[42, 618, 57, 57, 1.0]
