12_Group_Large_Group_12_Group_Large_Group_12_9.jpg
29
[433, 238, 26, 26, 1.0]
[348, 253, 25, 25, 1.0]
[251, 305, 25, 25, 1.0]
[512, 332, 27, 27, 1.0]
[266, 324, 26, 26, 1.0]
[638, 323, 27, 27, 1.0]
[189, 342, 24, 24, 1.0]
[308, 350, 25, 25, 1.0]
[226, 353, 27, 27, 1.0]
[688, 370, 26, 26, 1.0]
[337, 403, 26, 26, 1.0]
[851, 413, 26, 26, 1.0]
[518, 416, 27, 27, 1.0]
[570, 418, 29, 29, 1.0]
[452, 406, 33, 33, 1.0]
[111, 424, 29, 29, 1.0]
[188, 426, 28, 28, 1.0]
[464, 462, 29, 29, 1.0]
[780, 461, 30, 30, 1.0]
[875, 461, 29, 29, 1.0]
[920, 413, 29, 29, 1.0]
[718, 468, 27, 27, 1.0]
[593, 470, 29, 29, 1.0]
[726, 382, 62, 62, 1.0]
[960, 471, 29, 29, 1.0]
[268, 454, 29, 29, 1.0]
[104, 463, 31, 31, 1.0]
[401, 464, 31, 31, 1.0]
[651, 458, 28, 28, 1.0]
