12_Group_Team_Organized_Group_12_Group_Team_Organized_Group_12_821.jpg
22
[471, 126, 39, 39, 1.0]
[217, 171, 36, 36, 1.0]
[565, 221, 40, 40, 1.0]
[395, 235, 38, 38, 1.0]
[709, 184, 51, 51, 1.0]
[344, 229, 42, 42, 1.0]
[787, 151, 39, 39, 1.0]
[776, 198, 47, 47, 1.0]
[643, 217, 42, 42, 1.0]
[898, 206, 53, 53, 1.0]
[452, 230, 35, 35, 1.0]
[306, 214, 35, 35, 1.0]
[263, 220, 47, 47, 1.0]
[75, 228, 43, 43, 1.0]
[173, 225, 49, 49, 1.0]
[331, 336, 41, 41, 1.0]
[629, 354, 48, 48, 1.0]
[360, 381, 49, 49, 1.0]
[212, 385, 49, 49, 1.0]
[526, 391, 52, 52, 1.0]
[166, 321, 64, 64, 1.0]
[619, 469, 74, 74, 1.0]
