12_Group_Group_12_Group_Group_12_128.jpg
21
[530, 308, 26, 26, 1.0]
[163, 278, 25, 25, 1.0]
[369, 318, 26, 26, 1.0]
[869, 318, 26, 26, 1.0]
[899, 318, 26, 26, 1.0]
[254, 293, 24, 24, 1.0]
[407, 295, 26, 26, 1.0]
[346, 298, 27, 27, 1.0]
[218, 301, 25, 25, 1.0]
[171, 302, 27, 27, 1.0]
[637, 302, 25, 25, 1.0]
[120, 393, 28, 28, 1.0]
[193, 388, 27, 27, 1.0]
[496, 400, 27, 27, 1.0]
[715, 400, 26, 26, 1.0]
[262, 390, 26, 26, 1.0]
[424, 402, 27, 27, 1.0]
[564, 392, 27, 27, 1.0]
[635, 391, 28, 28, 1.0]
[326, 410, 26, 26, 1.0]
[782, 428, 25, 25, 1.0]
