12_Group_Large_Group_12_Group_Large_Group_12_40.jpg
24
[756, 62, 51, 51, 1.0]
[63, 125, 46, 46, 1.0]
[356, 132, 40, 40, 1.0]
[130, 140, 42, 42, 1.0]
[648, 77, 48, 48, 1.0]
[195, 116, 40, 40, 1.0]
[406, 86, 45, 45, 1.0]
[529, 88, 41, 41, 1.0]
[310, 99, 45, 45, 1.0]
[611, 113, 51, 51, 1.0]
[859, 113, 51, 51, 1.0]
[476, 114, 53, 53, 1.0]
[734, 123, 49, 49, 1.0]
[238, 139, 42, 42, 1.0]
[401, 142, 54, 54, 1.0]
[549, 145, 51, 51, 1.0]
[678, 161, 56, 56, 1.0]
[787, 162, 53, 53, 1.0]
[248, 176, 50, 50, 1.0]
[89, 193, 54, 54, 1.0]
[894, 198, 53, 53, 1.0]
[218, 254, 125, 125, 1.0]
[142, 456, 26, 26, 1.0]
[754, 462, 51, 51, 1.0]
