12_Group_Large_Group_12_Group_Large_Group_12_26.jpg
23
[404, 270, 30, 30, 1.0]
[492, 273, 32, 32, 1.0]
[883, 279, 30, 30, 1.0]
[243, 277, 32, 32, 1.0]
[449, 279, 34, 34, 1.0]
[791, 283, 30, 30, 1.0]
[321, 283, 29, 29, 1.0]
[713, 284, 27, 27, 1.0]
[171, 286, 30, 30, 1.0]
[109, 289, 28, 28, 1.0]
[575, 291, 28, 28, 1.0]
[747, 292, 31, 31, 1.0]
[635, 296, 29, 29, 1.0]
[831, 299, 31, 31, 1.0]
[604, 321, 28, 28, 1.0]
[367, 305, 31, 31, 1.0]
[536, 309, 28, 28, 1.0]
[669, 325, 27, 27, 1.0]
[207, 315, 29, 29, 1.0]
[288, 316, 29, 29, 1.0]
[878, 370, 48, 48, 1.0]
[659, 361, 52, 52, 1.0]
[197, 381, 60, 60, 1.0]
