12_Group_Group_12_Group_Group_12_609.jpg
41
[941, 119, 52, 52, 1.0]
[746, 175, 31, 31, 1.0]
[920, 172, 47, 47, 1.0]
[827, 175, 42, 42, 1.0]
[497, 184, 46, 46, 1.0]
[358, 202, 27, 27, 1.0]
[591, 189, 42, 42, 1.0]
[261, 228, 29, 29, 1.0]
[296, 232, 35, 35, 1.0]
[386, 210, 32, 32, 1.0]
[174, 222, 38, 38, 1.0]
[213, 221, 40, 40, 1.0]
[134, 229, 39, 39, 1.0]
[682, 191, 37, 37, 1.0]
[415, 201, 36, 36, 1.0]
[636, 191, 44, 44, 1.0]
[451, 197, 49, 49, 1.0]
[720, 204, 39, 39, 1.0]
[55, 203, 37, 37, 1.0]
[539, 206, 40, 40, 1.0]
[771, 189, 51, 51, 1.0]
[813, 273, 54, 54, 1.0]
[450, 239, 62, 62, 1.0]
[411, 296, 49, 49, 1.0]
[327, 218, 50, 50, 1.0]
[203, 312, 38, 38, 1.0]
[536, 312, 40, 40, 1.0]
[617, 305, 47, 47, 1.0]
[163, 316, 37, 37, 1.0]
[60, 312, 46, 46, 1.0]
[271, 287, 51, 51, 1.0]
[719, 300, 45, 45, 1.0]
[909, 301, 59, 59, 1.0]
[466, 362, 48, 48, 1.0]
[165, 365, 48, 48, 1.0]
[446, 306, 71, 71, 1.0]
[837, 361, 55, 55, 1.0]
[347, 379, 52, 52, 1.0]
[252, 384, 54, 54, 1.0]
[683, 373, 54, 54, 1.0]
[441, 588, 67, 67, 1.0]
