12_Group_Large_Group_12_Group_Large_Group_12_128.jpg
56
[486, 69, 27, 27, 1.0]
[398, 71, 25, 25, 1.0]
[677, 89, 27, 27, 1.0]
[869, 87, 28, 28, 1.0]
[189, 91, 26, 26, 1.0]
[559, 96, 26, 26, 1.0]
[263, 80, 26, 26, 1.0]
[738, 89, 27, 27, 1.0]
[619, 92, 26, 26, 1.0]
[935, 113, 30, 30, 1.0]
[808, 92, 27, 27, 1.0]
[121, 94, 27, 27, 1.0]
[53, 140, 26, 26, 1.0]
[609, 139, 26, 26, 1.0]
[156, 144, 25, 25, 1.0]
[289, 132, 28, 28, 1.0]
[426, 145, 25, 25, 1.0]
[92, 135, 26, 26, 1.0]
[357, 136, 28, 28, 1.0]
[489, 147, 26, 26, 1.0]
[670, 153, 27, 27, 1.0]
[551, 156, 26, 26, 1.0]
[933, 171, 27, 27, 1.0]
[843, 172, 27, 27, 1.0]
[709, 169, 27, 27, 1.0]
[98, 174, 25, 25, 1.0]
[261, 176, 26, 26, 1.0]
[748, 176, 26, 26, 1.0]
[888, 183, 25, 25, 1.0]
[517, 183, 25, 25, 1.0]
[315, 140, 52, 52, 1.0]
[423, 197, 27, 27, 1.0]
[656, 198, 26, 26, 1.0]
[472, 185, 28, 28, 1.0]
[376, 187, 26, 26, 1.0]
[456, 251, 26, 26, 1.0]
[175, 258, 25, 25, 1.0]
[130, 264, 25, 25, 1.0]
[238, 265, 27, 27, 1.0]
[295, 266, 26, 26, 1.0]
[682, 265, 26, 26, 1.0]
[855, 265, 26, 26, 1.0]
[340, 267, 25, 25, 1.0]
[524, 267, 25, 25, 1.0]
[736, 270, 27, 27, 1.0]
[796, 271, 25, 25, 1.0]
[350, 308, 25, 25, 1.0]
[157, 325, 26, 26, 1.0]
[209, 326, 25, 25, 1.0]
[110, 313, 27, 27, 1.0]
[584, 328, 25, 25, 1.0]
[844, 314, 26, 26, 1.0]
[953, 329, 26, 26, 1.0]
[760, 317, 26, 26, 1.0]
[622, 320, 28, 28, 1.0]
[70, 321, 26, 26, 1.0]
