12_Group_Team_Organized_Group_12_Group_Team_Organized_Group_12_237.jpg
19
[175, 100, 54, 54, 1.0]
[262, 103, 55, 55, 1.0]
[453, 121, 51, 51, 1.0]
[395, 107, 58, 58, 1.0]
[625, 145, 55, 55, 1.0]
[715, 150, 57, 57, 1.0]
[579, 151, 53, 53, 1.0]
[778, 183, 51, 51, 1.0]
[287, 180, 53, 53, 1.0]
[832, 187, 62, 62, 1.0]
[691, 199, 50, 50, 1.0]
[541, 168, 51, 51, 1.0]
[895, 224, 51, 51, 1.0]
[380, 218, 57, 57, 1.0]
[314, 270, 52, 52, 1.0]
[424, 377, 82, 82, 1.0]
[85, 419, 54, 54, 1.0]
[513, 490, 71, 71, 1.0]
[161, 486, 53, 53, 1.0]
