12_Group_Large_Group_12_Group_Large_Group_12_1.jpg
41
[106, 185, 25, 25, 1.0]
[942, 216, 26, 26, 1.0]
[490, 219, 26, 26, 1.0]
[44, 221, 25, 25, 1.0]
[730, 262, 25, 25, 1.0]
[802, 262, 25, 25, 1.0]
[108, 265, 26, 26, 1.0]
[512, 264, 26, 26, 1.0]
[185, 268, 24, 24, 1.0]
[310, 254, 24, 24, 1.0]
[620, 255, 25, 25, 1.0]
[929, 252, 28, 28, 1.0]
[435, 298, 27, 27, 1.0]
[340, 255, 27, 27, 1.0]
[557, 260, 28, 28, 1.0]
[321, 310, 28, 28, 1.0]
[363, 311, 41, 41, 1.0]
[697, 308, 29, 29, 1.0]
[54, 316, 25, 25, 1.0]
[490, 315, 29, 29, 1.0]
[198, 318, 25, 25, 1.0]
[162, 320, 25, 25, 1.0]
[885, 318, 28, 28, 1.0]
[110, 322, 27, 27, 1.0]
[594, 321, 26, 26, 1.0]
[283, 325, 26, 26, 1.0]
[550, 325, 27, 27, 1.0]
[47, 365, 29, 29, 1.0]
[279, 369, 28, 28, 1.0]
[131, 372, 28, 28, 1.0]
[356, 371, 31, 31, 1.0]
[205, 374, 27, 27, 1.0]
[509, 376, 31, 31, 1.0]
[666, 377, 30, 30, 1.0]
[747, 377, 30, 30, 1.0]
[826, 379, 28, 28, 1.0]
[895, 380, 28, 28, 1.0]
[437, 385, 26, 26, 1.0]
[590, 387, 29, 29, 1.0]
[371, 307, 52, 52, 1.0]
[694, 599, 70, 70, 1.0]
