12_Group_Large_Group_12_Group_Large_Group_12_397.jpg
33
[671, 218, 34, 34, 1.0]
[334, 264, 34, 34, 1.0]
[487, 210, 43, 43, 1.0]
[758, 213, 40, 40, 1.0]
[145, 217, 48, 48, 1.0]
[579, 248, 37, 37, 1.0]
[628, 253, 34, 34, 1.0]
[461, 285, 40, 40, 1.0]
[856, 230, 43, 43, 1.0]
[699, 247, 38, 38, 1.0]
[656, 282, 41, 41, 1.0]
[242, 265, 31, 31, 1.0]
[522, 255, 36, 36, 1.0]
[768, 262, 45, 45, 1.0]
[419, 254, 36, 36, 1.0]
[557, 293, 40, 40, 1.0]
[917, 236, 54, 54, 1.0]
[272, 253, 39, 39, 1.0]
[388, 286, 45, 45, 1.0]
[140, 278, 50, 50, 1.0]
[216, 288, 41, 41, 1.0]
[304, 293, 47, 47, 1.0]
[57, 276, 52, 52, 1.0]
[635, 376, 41, 41, 1.0]
[378, 367, 43, 43, 1.0]
[458, 369, 55, 55, 1.0]
[728, 380, 48, 48, 1.0]
[314, 387, 49, 49, 1.0]
[549, 387, 50, 50, 1.0]
[838, 342, 58, 58, 1.0]
[222, 399, 51, 51, 1.0]
[209, 378, 53, 53, 1.0]
[702, 506, 28, 28, 1.0]
