12_Group_Group_12_Group_Group_12_441.jpg
24
[482, 153, 33, 33, 1.0]
[573, 161, 35, 35, 1.0]
[307, 187, 30, 30, 1.0]
[390, 156, 42, 42, 1.0]
[217, 182, 34, 34, 1.0]
[655, 169, 36, 36, 1.0]
[396, 186, 31, 31, 1.0]
[930, 195, 36, 36, 1.0]
[750, 192, 36, 36, 1.0]
[845, 196, 34, 34, 1.0]
[434, 226, 46, 46, 1.0]
[610, 255, 38, 38, 1.0]
[333, 235, 39, 39, 1.0]
[799, 244, 34, 34, 1.0]
[335, 264, 34, 34, 1.0]
[688, 214, 46, 46, 1.0]
[540, 259, 34, 34, 1.0]
[243, 232, 46, 46, 1.0]
[534, 228, 44, 44, 1.0]
[798, 213, 43, 43, 1.0]
[438, 259, 35, 35, 1.0]
[157, 221, 48, 48, 1.0]
[73, 210, 45, 45, 1.0]
[873, 220, 52, 52, 1.0]
