12_Group_Large_Group_12_Group_Large_Group_12_3.jpg
80
[236, 89, 25, 25, 1.0]
[362, 88, 27, 27, 1.0]
[552, 76, 26, 26, 1.0]
[848, 112, 26, 26, 1.0]
[162, 93, 25, 25, 1.0]
[868, 77, 27, 27, 1.0]
[491, 64, 27, 27, 1.0]
[465, 118, 26, 26, 1.0]
[613, 79, 26, 26, 1.0]
[527, 118, 27, 27, 1.0]
[271, 126, 26, 26, 1.0]
[332, 123, 27, 27, 1.0]
[719, 117, 27, 27, 1.0]
[591, 123, 26, 26, 1.0]
[427, 79, 26, 26, 1.0]
[735, 75, 32, 32, 1.0]
[652, 117, 30, 30, 1.0]
[787, 120, 26, 26, 1.0]
[119, 134, 25, 25, 1.0]
[201, 122, 27, 27, 1.0]
[398, 121, 27, 27, 1.0]
[300, 84, 26, 26, 1.0]
[466, 136, 25, 25, 1.0]
[528, 136, 26, 26, 1.0]
[362, 159, 30, 30, 1.0]
[433, 160, 27, 27, 1.0]
[692, 160, 27, 27, 1.0]
[818, 161, 26, 26, 1.0]
[498, 164, 26, 26, 1.0]
[239, 166, 25, 25, 1.0]
[294, 168, 27, 27, 1.0]
[166, 170, 29, 29, 1.0]
[562, 156, 27, 27, 1.0]
[625, 157, 26, 26, 1.0]
[756, 157, 28, 28, 1.0]
[883, 158, 29, 29, 1.0]
[238, 192, 25, 25, 1.0]
[605, 200, 29, 29, 1.0]
[669, 202, 28, 28, 1.0]
[915, 202, 25, 25, 1.0]
[394, 203, 29, 29, 1.0]
[467, 203, 28, 28, 1.0]
[731, 203, 28, 28, 1.0]
[790, 203, 28, 28, 1.0]
[850, 203, 28, 28, 1.0]
[324, 205, 28, 28, 1.0]
[537, 205, 26, 26, 1.0]
[133, 216, 26, 26, 1.0]
[200, 208, 28, 28, 1.0]
[257, 210, 29, 29, 1.0]
[68, 218, 28, 28, 1.0]
[581, 246, 26, 26, 1.0]
[516, 247, 28, 28, 1.0]
[454, 254, 26, 26, 1.0]
[642, 257, 27, 27, 1.0]
[895, 258, 28, 28, 1.0]
[392, 252, 26, 26, 1.0]
[708, 254, 25, 25, 1.0]
[763, 252, 27, 27, 1.0]
[185, 271, 27, 27, 1.0]
[829, 261, 24, 24, 1.0]
[95, 280, 27, 27, 1.0]
[249, 264, 26, 26, 1.0]
[319, 263, 26, 26, 1.0]
[46, 302, 29, 29, 1.0]
[809, 303, 30, 30, 1.0]
[192, 308, 27, 27, 1.0]
[485, 306, 29, 29, 1.0]
[550, 308, 27, 27, 1.0]
[879, 295, 26, 26, 1.0]
[429, 298, 26, 26, 1.0]
[944, 295, 30, 30, 1.0]
[116, 312, 27, 27, 1.0]
[613, 298, 28, 28, 1.0]
[677, 298, 28, 28, 1.0]
[278, 301, 28, 28, 1.0]
[355, 298, 28, 28, 1.0]
[738, 298, 32, 32, 1.0]
[708, 361, 33, 33, 1.0]
[295, 301, 72, 72, 1.0]
