12_Group_Large_Group_12_Group_Large_Group_12_134.jpg
21
[507, 225, 29, 29, 1.0]
[589, 229, 29, 29, 1.0]
[663, 217, 27, 27, 1.0]
[256, 231, 32, 32, 1.0]
[722, 216, 29, 29, 1.0]
[440, 232, 30, 30, 1.0]
[336, 233, 28, 28, 1.0]
[791, 201, 32, 32, 1.0]
[688, 227, 28, 28, 1.0]
[820, 203, 37, 37, 1.0]
[630, 242, 27, 27, 1.0]
[377, 243, 29, 29, 1.0]
[750, 238, 30, 30, 1.0]
[209, 252, 29, 29, 1.0]
[313, 261, 28, 28, 1.0]
[464, 292, 30, 30, 1.0]
[528, 303, 29, 29, 1.0]
[166, 268, 33, 33, 1.0]
[366, 295, 32, 32, 1.0]
[399, 244, 207, 207, 1.0]
[427, 602, 50, 50, 1.0]
