12_Group_Large_Group_12_Group_Large_Group_12_315.jpg
32
548 234 26 26 1.0
804 41 58 58 1.0
790 258 34 34 1.0
747 267 40 40 1.0
681 274 28 28 1.0
495 269 24 24 1.0
598 302 31 31 1.0
644 308 32 32 1.0
501 314 28 28 1.0
476 331 27 27 1.0
532 331 28 28 1.0
226 334 27 27 1.0
290 360 25 25 1.0
367 319 26 26 1.0
365 359 29 29 1.0
207 338 24 24 1.0
332 381 27 27 1.0
494 380 32 32 1.0
154 340 28 28 1.0
185 341 27 27 1.0
118 344 27 27 1.0
881 419 26 26 1.0
427 346 26 26 1.0
947 450 28 28 1.0
924 409 26 26 1.0
177 408 32 32 1.0
255 411 29 29 1.0
864 411 26 26 1.0
113 425 33 33 1.0
799 385 53 53 1.0
689 412 40 40 1.0
960 308 53 53 1.0
