12_Group_Group_12_Group_Group_12_164.jpg
25
[747, 238, 36, 36, 1.0]
[576, 220, 34, 34, 1.0]
[679, 242, 34, 34, 1.0]
[333, 194, 42, 42, 1.0]
[847, 261, 38, 38, 1.0]
[911, 238, 40, 40, 1.0]
[795, 224, 36, 36, 1.0]
[458, 228, 36, 36, 1.0]
[204, 251, 47, 47, 1.0]
[573, 312, 41, 41, 1.0]
[283, 327, 38, 38, 1.0]
[463, 303, 44, 44, 1.0]
[368, 331, 37, 37, 1.0]
[102, 250, 47, 47, 1.0]
[721, 334, 80, 80, 1.0]
[164, 317, 114, 114, 1.0]
[252, 427, 54, 54, 1.0]
[377, 427, 46, 46, 1.0]
[332, 380, 54, 54, 1.0]
[488, 434, 48, 48, 1.0]
[634, 439, 50, 50, 1.0]
[109, 443, 55, 55, 1.0]
[759, 452, 48, 48, 1.0]
[566, 443, 55, 55, 1.0]
[476, 610, 36, 36, 1.0]
