12_Group_Large_Group_12_Group_Large_Group_12_56.jpg
22
[569, 172, 37, 37, 1.0]
[229, 146, 53, 53, 1.0]
[118, 139, 60, 60, 1.0]
[449, 155, 44, 44, 1.0]
[344, 177, 36, 36, 1.0]
[558, 145, 57, 57, 1.0]
[788, 197, 33, 33, 1.0]
[677, 180, 39, 39, 1.0]
[379, 211, 52, 52, 1.0]
[179, 213, 55, 55, 1.0]
[709, 255, 48, 48, 1.0]
[594, 250, 53, 53, 1.0]
[500, 235, 55, 55, 1.0]
[282, 230, 60, 60, 1.0]
[334, 321, 59, 59, 1.0]
[573, 331, 51, 51, 1.0]
[468, 331, 54, 54, 1.0]
[222, 335, 60, 60, 1.0]
[664, 343, 39, 39, 1.0]
[772, 346, 57, 57, 1.0]
[176, 426, 52, 52, 1.0]
[427, 432, 27, 27, 1.0]
