12_Group_Team_Organized_Group_12_Group_Team_Organized_Group_12_927.jpg
30
[476, 153, 28, 28, 1.0]
[709, 154, 29, 29, 1.0]
[741, 154, 31, 31, 1.0]
[901, 146, 46, 46, 1.0]
[630, 158, 30, 30, 1.0]
[579, 181, 28, 28, 1.0]
[400, 167, 30, 30, 1.0]
[503, 180, 35, 35, 1.0]
[523, 185, 30, 30, 1.0]
[839, 166, 32, 32, 1.0]
[965, 165, 34, 34, 1.0]
[212, 202, 34, 34, 1.0]
[791, 187, 31, 31, 1.0]
[440, 172, 32, 32, 1.0]
[554, 208, 31, 31, 1.0]
[546, 175, 26, 26, 1.0]
[602, 210, 29, 29, 1.0]
[399, 195, 34, 34, 1.0]
[676, 176, 30, 30, 1.0]
[26, 104, 271, 271, 1.0]
[344, 180, 35, 35, 1.0]
[578, 275, 40, 40, 1.0]
[173, 177, 43, 43, 1.0]
[509, 286, 35, 35, 1.0]
[781, 316, 30, 30, 1.0]
[808, 338, 26, 26, 1.0]
[724, 342, 28, 28, 1.0]
[859, 340, 30, 30, 1.0]
[664, 373, 36, 36, 1.0]
[739, 426, 27, 27, 1.0]
