12_Group_Group_12_Group_Group_12_506.jpg
21
[61, 257, 26, 26, 1.0]
[628, 290, 25, 25, 1.0]
[537, 297, 26, 26, 1.0]
[125, 301, 26, 26, 1.0]
[285, 307, 26, 26, 1.0]
[170, 320, 26, 26, 1.0]
[246, 327, 24, 24, 1.0]
[849, 343, 26, 26, 1.0]
[364, 347, 25, 25, 1.0]
[944, 328, 25, 25, 1.0]
[119, 351, 27, 27, 1.0]
[576, 353, 25, 25, 1.0]
[643, 354, 26, 26, 1.0]
[175, 370, 26, 26, 1.0]
[731, 375, 26, 26, 1.0]
[239, 384, 26, 26, 1.0]
[872, 377, 25, 25, 1.0]
[946, 388, 25, 25, 1.0]
[592, 392, 24, 24, 1.0]
[286, 451, 27, 27, 1.0]
[591, 478, 26, 26, 1.0]
