12_Group_Large_Group_12_Group_Large_Group_12_310.jpg
20
[287, 131, 25, 25, 1.0]
[121, 165, 24, 24, 1.0]
[224, 145, 79, 79, 1.0]
[246, 441, 25, 25, 1.0]
[137, 446, 25, 25, 1.0]
[272, 452, 26, 26, 1.0]
[211, 460, 25, 25, 1.0]
[327, 460, 25, 25, 1.0]
[195, 467, 26, 26, 1.0]
[357, 486, 25, 25, 1.0]
[142, 473, 28, 28, 1.0]
[239, 473, 26, 26, 1.0]
[289, 475, 26, 26, 1.0]
[328, 492, 29, 29, 1.0]
[274, 495, 28, 28, 1.0]
[212, 504, 29, 29, 1.0]
[79, 406, 102, 102, 1.0]
[157, 510, 27, 27, 1.0]
[316, 512, 26, 26, 1.0]
[239, 525, 26, 26, 1.0]
