12_Group_Team_Organized_Group_12_Group_Team_Organized_Group_12_795.jpg
21
[560, 127, 28, 28, 1.0]
[366, 149, 27, 27, 1.0]
[456, 150, 28, 28, 1.0]
[506, 153, 29, 29, 1.0]
[312, 166, 26, 26, 1.0]
[749, 133, 34, 34, 1.0]
[289, 152, 30, 30, 1.0]
[737, 189, 30, 30, 1.0]
[816, 204, 32, 32, 1.0]
[234, 211, 26, 26, 1.0]
[295, 221, 26, 26, 1.0]
[337, 224, 26, 26, 1.0]
[394, 227, 28, 28, 1.0]
[109, 240, 30, 30, 1.0]
[458, 233, 28, 28, 1.0]
[225, 253, 31, 31, 1.0]
[292, 260, 30, 30, 1.0]
[338, 267, 49, 49, 1.0]
[712, 458, 54, 54, 1.0]
[638, 529, 28, 28, 1.0]
[822, 547, 30, 30, 1.0]
