12_Group_Team_Organized_Group_12_Group_Team_Organized_Group_12_345.jpg
31
[914, 105, 52, 52, 1.0]
[515, 123, 52, 52, 1.0]
[667, 123, 52, 52, 1.0]
[395, 160, 51, 51, 1.0]
[171, 145, 52, 52, 1.0]
[280, 150, 54, 54, 1.0]
[34, 139, 59, 59, 1.0]
[64, 61, 47, 47, 1.0]
[173, 69, 49, 49, 1.0]
[563, 56, 52, 52, 1.0]
[666, 55, 51, 51, 1.0]
[745, 166, 56, 56, 1.0]
[826, 172, 66, 66, 1.0]
[971, 147, 52, 52, 1.0]
[572, 163, 71, 71, 1.0]
[439, 198, 60, 60, 1.0]
[181, 217, 50, 50, 1.0]
[800, 39, 54, 54, 1.0]
[312, 75, 50, 50, 1.0]
[436, 58, 58, 58, 1.0]
[297, 220, 59, 59, 1.0]
[546, 286, 62, 62, 1.0]
[176, 291, 64, 64, 1.0]
[32, 311, 61, 61, 1.0]
[134, 153, 124, 124, 1.0]
[784, 324, 63, 63, 1.0]
[900, 309, 68, 68, 1.0]
[336, 314, 69, 69, 1.0]
[683, 318, 64, 64, 1.0]
[967, 609, 53, 53, 1.0]
[942, 570, 75, 75, 1.0]
