12_Group_Team_Organized_Group_12_Group_Team_Organized_Group_12_142.jpg
18
[849, 176, 43, 43, 1.0]
[644, 207, 35, 35, 1.0]
[715, 158, 45, 45, 1.0]
[460, 169, 44, 44, 1.0]
[555, 163, 50, 50, 1.0]
[209, 179, 48, 48, 1.0]
[313, 64, 89, 89, 1.0]
[359, 171, 49, 49, 1.0]
[301, 173, 57, 57, 1.0]
[772, 187, 46, 46, 1.0]
[65, 171, 54, 54, 1.0]
[181, 223, 53, 53, 1.0]
[632, 277, 56, 56, 1.0]
[491, 272, 57, 57, 1.0]
[828, 281, 60, 60, 1.0]
[331, 279, 64, 64, 1.0]
[517, 278, 138, 138, 1.0]
[166, 288, 69, 69, 1.0]
