12_Group_Large_Group_12_Group_Large_Group_12_765.jpg
19
[453, 11, 26, 26, 1.0]
[412, 284, 26, 26, 1.0]
[212, 287, 28, 28, 1.0]
[705, 308, 25, 25, 1.0]
[323, 309, 27, 27, 1.0]
[603, 288, 27, 27, 1.0]
[529, 310, 26, 26, 1.0]
[893, 309, 28, 28, 1.0]
[670, 291, 26, 26, 1.0]
[610, 319, 28, 28, 1.0]
[815, 294, 28, 28, 1.0]
[437, 297, 27, 27, 1.0]
[354, 302, 26, 26, 1.0]
[578, 304, 27, 27, 1.0]
[182, 330, 32, 32, 1.0]
[386, 304, 29, 29, 1.0]
[117, 296, 33, 33, 1.0]
[771, 286, 34, 34, 1.0]
[228, 371, 86, 86, 1.0]
