12_Group_Large_Group_12_Group_Large_Group_12_223.jpg
29
[608, 90, 26, 26, 1.0]
[65, 91, 29, 29, 1.0]
[787, 92, 31, 31, 1.0]
[316, 96, 25, 25, 1.0]
[38, 99, 29, 29, 1.0]
[232, 100, 26, 26, 1.0]
[262, 107, 28, 28, 1.0]
[905, 99, 27, 27, 1.0]
[388, 108, 26, 26, 1.0]
[530, 106, 27, 27, 1.0]
[573, 106, 26, 26, 1.0]
[410, 102, 25, 25, 1.0]
[956, 108, 30, 30, 1.0]
[293, 104, 27, 27, 1.0]
[87, 112, 27, 27, 1.0]
[166, 103, 33, 33, 1.0]
[628, 112, 26, 26, 1.0]
[658, 111, 29, 29, 1.0]
[501, 120, 27, 27, 1.0]
[828, 119, 27, 27, 1.0]
[342, 115, 28, 28, 1.0]
[135, 106, 30, 30, 1.0]
[209, 122, 27, 27, 1.0]
[724, 115, 27, 27, 1.0]
[872, 116, 28, 28, 1.0]
[930, 115, 27, 27, 1.0]
[598, 139, 25, 25, 1.0]
[768, 121, 27, 27, 1.0]
[441, 108, 29, 29, 1.0]
