12_Group_Group_12_Group_Group_12_201.jpg
45
[301, 172, 30, 30, 1.0]
[873, 80, 72, 72, 1.0]
[786, 238, 26, 26, 1.0]
[592, 222, 25, 25, 1.0]
[679, 221, 25, 25, 1.0]
[815, 246, 26, 26, 1.0]
[744, 288, 28, 28, 1.0]
[594, 270, 26, 26, 1.0]
[803, 287, 27, 27, 1.0]
[874, 289, 30, 30, 1.0]
[652, 271, 27, 27, 1.0]
[482, 292, 30, 30, 1.0]
[564, 300, 28, 28, 1.0]
[688, 301, 29, 29, 1.0]
[889, 20, 67, 67, 1.0]
[856, 245, 31, 31, 1.0]
[746, 249, 26, 26, 1.0]
[718, 312, 32, 32, 1.0]
[392, 317, 30, 30, 1.0]
[824, 316, 36, 36, 1.0]
[574, 333, 30, 30, 1.0]
[664, 332, 34, 34, 1.0]
[173, 364, 25, 25, 1.0]
[892, 342, 32, 32, 1.0]
[612, 322, 26, 26, 1.0]
[478, 364, 28, 28, 1.0]
[591, 366, 28, 28, 1.0]
[386, 370, 26, 26, 1.0]
[120, 353, 26, 26, 1.0]
[536, 322, 30, 30, 1.0]
[753, 339, 34, 34, 1.0]
[59, 383, 26, 26, 1.0]
[73, 349, 28, 28, 1.0]
[328, 336, 28, 28, 1.0]
[154, 437, 30, 30, 1.0]
[104, 426, 31, 31, 1.0]
[675, 395, 31, 31, 1.0]
[512, 397, 32, 32, 1.0]
[226, 425, 33, 33, 1.0]
[195, 458, 32, 32, 1.0]
[424, 390, 34, 34, 1.0]
[66, 447, 38, 38, 1.0]
[286, 471, 28, 28, 1.0]
[353, 405, 40, 40, 1.0]
[719, 409, 43, 43, 1.0]
