12_Group_Group_12_Group_Group_12_377.jpg
23
[282, 271, 33, 33, 1.0]
[821, 275, 41, 41, 1.0]
[340, 284, 33, 33, 1.0]
[450, 294, 32, 32, 1.0]
[667, 294, 30, 30, 1.0]
[93, 288, 40, 40, 1.0]
[626, 294, 36, 36, 1.0]
[368, 296, 32, 32, 1.0]
[138, 296, 42, 42, 1.0]
[483, 300, 34, 34, 1.0]
[706, 302, 33, 33, 1.0]
[357, 343, 30, 30, 1.0]
[190, 307, 33, 33, 1.0]
[255, 305, 32, 32, 1.0]
[416, 307, 32, 32, 1.0]
[579, 307, 36, 36, 1.0]
[767, 307, 35, 35, 1.0]
[286, 316, 36, 36, 1.0]
[871, 309, 38, 38, 1.0]
[223, 309, 40, 40, 1.0]
[766, 298, 30, 30, 1.0]
[809, 351, 166, 166, 1.0]
[531, 506, 52, 52, 1.0]
