12_Group_Large_Group_12_Group_Large_Group_12_80.jpg
30
[718, 149, 63, 63, 1.0]
[125, 13, 57, 57, 1.0]
[358, 173, 67, 67, 1.0]
[887, 53, 71, 71, 1.0]
[80, 147, 65, 65, 1.0]
[373, 13, 67, 67, 1.0]
[539, 122, 70, 70, 1.0]
[606, 66, 64, 64, 1.0]
[243, 99, 63, 63, 1.0]
[440, 71, 71, 71, 1.0]
[755, 65, 65, 65, 1.0]
[35, 77, 64, 64, 1.0]
[489, 200, 72, 72, 1.0]
[638, 228, 71, 71, 1.0]
[863, 190, 81, 81, 1.0]
[128, 266, 71, 71, 1.0]
[799, 254, 86, 86, 1.0]
[456, 326, 83, 83, 1.0]
[227, 263, 102, 102, 1.0]
[436, 290, 85, 85, 1.0]
[623, 371, 79, 79, 1.0]
[454, 277, 108, 108, 1.0]
[700, 334, 79, 79, 1.0]
[332, 402, 99, 99, 1.0]
[553, 423, 84, 84, 1.0]
[757, 477, 101, 101, 1.0]
[630, 576, 100, 100, 1.0]
[428, 649, 110, 110, 1.0]
[192, 665, 133, 133, 1.0]
[834, 647, 133, 133, 1.0]
