12_Group_Large_Group_12_Group_Large_Group_12_272.jpg
20
[737, 104, 36, 36, 1.0]
[258, 100, 46, 46, 1.0]
[353, 97, 43, 43, 1.0]
[913, 18, 49, 49, 1.0]
[634, 100, 47, 47, 1.0]
[833, 121, 41, 41, 1.0]
[76, 105, 49, 49, 1.0]
[186, 116, 48, 48, 1.0]
[397, 203, 55, 55, 1.0]
[148, 193, 54, 54, 1.0]
[295, 219, 43, 43, 1.0]
[698, 193, 54, 54, 1.0]
[518, 163, 59, 59, 1.0]
[569, 220, 50, 50, 1.0]
[486, 243, 49, 49, 1.0]
[626, 283, 48, 48, 1.0]
[704, 297, 39, 39, 1.0]
[171, 314, 60, 60, 1.0]
[488, 274, 53, 53, 1.0]
[336, 299, 60, 60, 1.0]
