12_Group_Large_Group_12_Group_Large_Group_12_12.jpg
28
[819, 100, 32, 32, 1.0]
[601, 128, 31, 31, 1.0]
[670, 129, 29, 29, 1.0]
[427, 133, 29, 29, 1.0]
[365, 138, 27, 27, 1.0]
[474, 139, 27, 27, 1.0]
[292, 140, 30, 30, 1.0]
[535, 137, 29, 29, 1.0]
[740, 126, 39, 39, 1.0]
[917, 180, 30, 30, 1.0]
[117, 194, 32, 32, 1.0]
[248, 193, 30, 30, 1.0]
[667, 197, 30, 30, 1.0]
[538, 198, 33, 33, 1.0]
[470, 199, 35, 35, 1.0]
[152, 225, 32, 32, 1.0]
[744, 203, 30, 30, 1.0]
[825, 200, 31, 31, 1.0]
[592, 204, 29, 29, 1.0]
[323, 207, 30, 30, 1.0]
[278, 209, 32, 32, 1.0]
[379, 209, 33, 33, 1.0]
[76, 214, 36, 36, 1.0]
[623, 219, 31, 31, 1.0]
[213, 201, 36, 36, 1.0]
[700, 199, 33, 33, 1.0]
[783, 202, 33, 33, 1.0]
[277, 122, 58, 58, 1.0]
