12_Group_Group_12_Group_Group_12_907.jpg
24
[102, 265, 39, 39, 1.0]
[606, 264, 36, 36, 1.0]
[945, 242, 53, 53, 1.0]
[817, 270, 34, 34, 1.0]
[374, 255, 58, 58, 1.0]
[442, 256, 60, 60, 1.0]
[389, 283, 28, 28, 1.0]
[457, 285, 32, 32, 1.0]
[248, 276, 33, 33, 1.0]
[743, 279, 32, 32, 1.0]
[54, 278, 35, 35, 1.0]
[231, 247, 67, 67, 1.0]
[628, 385, 32, 32, 1.0]
[843, 366, 34, 34, 1.0]
[764, 376, 31, 31, 1.0]
[509, 276, 29, 29, 1.0]
[569, 427, 30, 30, 1.0]
[485, 434, 32, 32, 1.0]
[508, 354, 36, 36, 1.0]
[573, 256, 34, 34, 1.0]
[260, 396, 32, 32, 1.0]
[142, 408, 35, 35, 1.0]
[204, 434, 40, 40, 1.0]
[295, 436, 37, 37, 1.0]
