12_Group_Group_12_Group_Group_12_582.jpg
34
[576, 95, 34, 34, 1.0]
[685, 66, 38, 38, 1.0]
[503, 103, 48, 48, 1.0]
[615, 110, 45, 45, 1.0]
[284, 40, 48, 48, 1.0]
[500, 19, 45, 45, 1.0]
[223, 59, 53, 53, 1.0]
[301, 111, 58, 58, 1.0]
[360, 50, 53, 53, 1.0]
[648, 125, 55, 55, 1.0]
[407, 31, 48, 48, 1.0]
[734, 85, 61, 61, 1.0]
[421, 135, 58, 58, 1.0]
[191, 145, 54, 54, 1.0]
[734, 148, 57, 57, 1.0]
[820, 156, 52, 52, 1.0]
[565, 159, 57, 57, 1.0]
[470, 214, 59, 59, 1.0]
[329, 223, 57, 57, 1.0]
[620, 224, 62, 62, 1.0]
[165, 226, 59, 59, 1.0]
[773, 231, 63, 63, 1.0]
[215, 289, 67, 67, 1.0]
[385, 295, 62, 62, 1.0]
[509, 297, 60, 60, 1.0]
[878, 229, 75, 75, 1.0]
[82, 260, 70, 70, 1.0]
[708, 278, 67, 67, 1.0]
[397, 346, 44, 44, 1.0]
[284, 340, 67, 67, 1.0]
[555, 293, 83, 83, 1.0]
[700, 364, 74, 74, 1.0]
[451, 485, 34, 34, 1.0]
[370, 447, 108, 108, 1.0]
