12_Group_Group_12_Group_Group_12_13.jpg
37
[423, 51, 46, 46, 1.0]
[325, 57, 56, 56, 1.0]
[229, 63, 51, 51, 1.0]
[533, 65, 55, 55, 1.0]
[636, 68, 53, 53, 1.0]
[753, 58, 53, 53, 1.0]
[199, 146, 51, 51, 1.0]
[397, 144, 52, 52, 1.0]
[772, 146, 46, 46, 1.0]
[273, 149, 54, 54, 1.0]
[663, 146, 44, 44, 1.0]
[529, 137, 55, 55, 1.0]
[323, 127, 53, 53, 1.0]
[514, 213, 54, 54, 1.0]
[113, 210, 53, 53, 1.0]
[242, 208, 52, 52, 1.0]
[690, 224, 27, 27, 1.0]
[377, 215, 55, 55, 1.0]
[797, 215, 58, 58, 1.0]
[647, 184, 56, 56, 1.0]
[172, 126, 91, 91, 1.0]
[735, 207, 84, 84, 1.0]
[886, 295, 64, 64, 1.0]
[384, 334, 56, 56, 1.0]
[235, 295, 59, 59, 1.0]
[750, 301, 60, 60, 1.0]
[621, 304, 59, 59, 1.0]
[481, 328, 58, 58, 1.0]
[99, 336, 58, 58, 1.0]
[869, 442, 45, 45, 1.0]
[484, 350, 56, 56, 1.0]
[104, 375, 61, 61, 1.0]
[910, 406, 58, 58, 1.0]
[752, 467, 68, 68, 1.0]
[417, 422, 148, 148, 1.0]
[758, 292, 83, 83, 1.0]
[818, 676, 65, 65, 1.0]
