12_Group_Large_Group_12_Group_Large_Group_12_7.jpg
94
[210, 18, 26, 26, 1.0]
[396, 40, 27, 27, 1.0]
[328, 61, 26, 26, 1.0]
[64, 98, 30, 30, 1.0]
[416, 98, 25, 25, 1.0]
[699, 60, 27, 27, 1.0]
[549, 31, 27, 27, 1.0]
[136, 43, 27, 27, 1.0]
[530, 99, 30, 30, 1.0]
[586, 62, 27, 27, 1.0]
[455, 44, 25, 25, 1.0]
[760, 62, 25, 25, 1.0]
[226, 90, 27, 27, 1.0]
[186, 64, 26, 26, 1.0]
[298, 90, 27, 27, 1.0]
[502, 47, 29, 29, 1.0]
[343, 118, 27, 27, 1.0]
[228, 136, 27, 27, 1.0]
[659, 120, 27, 27, 1.0]
[652, 67, 25, 25, 1.0]
[363, 91, 26, 26, 1.0]
[868, 123, 26, 26, 1.0]
[240, 54, 27, 27, 1.0]
[769, 143, 27, 27, 1.0]
[153, 95, 28, 28, 1.0]
[804, 96, 26, 26, 1.0]
[129, 132, 25, 25, 1.0]
[287, 152, 27, 27, 1.0]
[566, 152, 25, 25, 1.0]
[396, 133, 29, 29, 1.0]
[921, 135, 25, 25, 1.0]
[900, 106, 26, 26, 1.0]
[707, 111, 26, 26, 1.0]
[448, 113, 26, 26, 1.0]
[597, 113, 27, 27, 1.0]
[273, 116, 26, 26, 1.0]
[166, 159, 29, 29, 1.0]
[349, 163, 29, 29, 1.0]
[509, 167, 24, 24, 1.0]
[872, 167, 26, 26, 1.0]
[241, 176, 27, 27, 1.0]
[452, 177, 27, 27, 1.0]
[655, 176, 28, 28, 1.0]
[940, 178, 26, 26, 1.0]
[120, 184, 26, 26, 1.0]
[824, 190, 27, 27, 1.0]
[207, 193, 27, 27, 1.0]
[572, 199, 27, 27, 1.0]
[399, 204, 27, 27, 1.0]
[327, 208, 28, 28, 1.0]
[754, 209, 27, 27, 1.0]
[132, 215, 27, 27, 1.0]
[886, 215, 28, 28, 1.0]
[704, 220, 27, 27, 1.0]
[507, 222, 26, 26, 1.0]
[350, 179, 30, 30, 1.0]
[451, 227, 26, 26, 1.0]
[168, 226, 30, 30, 1.0]
[826, 229, 27, 27, 1.0]
[257, 230, 28, 28, 1.0]
[767, 241, 27, 27, 1.0]
[675, 252, 27, 27, 1.0]
[90, 252, 29, 29, 1.0]
[397, 252, 29, 29, 1.0]
[524, 254, 28, 28, 1.0]
[594, 254, 28, 28, 1.0]
[896, 255, 27, 27, 1.0]
[333, 258, 29, 29, 1.0]
[954, 258, 29, 29, 1.0]
[211, 263, 25, 25, 1.0]
[810, 266, 30, 30, 1.0]
[744, 280, 28, 28, 1.0]
[476, 287, 28, 28, 1.0]
[62, 290, 30, 30, 1.0]
[880, 291, 28, 28, 1.0]
[947, 302, 27, 27, 1.0]
[348, 306, 30, 30, 1.0]
[639, 309, 29, 29, 1.0]
[227, 312, 29, 29, 1.0]
[174, 316, 29, 29, 1.0]
[126, 295, 28, 28, 1.0]
[289, 302, 29, 29, 1.0]
[831, 337, 27, 27, 1.0]
[526, 316, 35, 35, 1.0]
[694, 343, 36, 36, 1.0]
[893, 345, 27, 27, 1.0]
[619, 348, 29, 29, 1.0]
[442, 356, 30, 30, 1.0]
[777, 356, 29, 29, 1.0]
[285, 368, 30, 30, 1.0]
[809, 234, 67, 67, 1.0]
[220, 383, 33, 33, 1.0]
[399, 320, 52, 52, 1.0]
[495, 434, 46, 46, 1.0]
