12_Group_Group_12_Group_Group_12_26.jpg
21
[566, 139, 45, 45, 1.0]
[247, 147, 41, 41, 1.0]
[875, 148, 46, 46, 1.0]
[821, 153, 44, 44, 1.0]
[353, 160, 38, 38, 1.0]
[772, 160, 41, 41, 1.0]
[566, 181, 42, 42, 1.0]
[389, 157, 48, 48, 1.0]
[656, 183, 44, 44, 1.0]
[758, 210, 35, 35, 1.0]
[717, 159, 44, 44, 1.0]
[607, 166, 46, 46, 1.0]
[166, 191, 37, 37, 1.0]
[284, 173, 48, 48, 1.0]
[425, 195, 42, 42, 1.0]
[204, 174, 55, 55, 1.0]
[324, 188, 47, 47, 1.0]
[90, 190, 53, 53, 1.0]
[499, 205, 52, 52, 1.0]
[857, 220, 44, 44, 1.0]
[107, 496, 51, 51, 1.0]
