12_Group_Group_12_Group_Group_12_207.jpg
21
[655, 182, 47, 47, 1.0]
[789, 177, 54, 54, 1.0]
[439, 185, 49, 49, 1.0]
[347, 187, 49, 49, 1.0]
[266, 195, 43, 43, 1.0]
[537, 188, 50, 50, 1.0]
[188, 199, 44, 44, 1.0]
[349, 241, 48, 48, 1.0]
[305, 284, 55, 55, 1.0]
[316, 355, 28, 28, 1.0]
[425, 268, 57, 57, 1.0]
[559, 264, 56, 56, 1.0]
[797, 264, 59, 59, 1.0]
[672, 271, 56, 56, 1.0]
[187, 282, 57, 57, 1.0]
[106, 373, 31, 31, 1.0]
[749, 403, 144, 144, 1.0]
[623, 452, 155, 155, 1.0]
[729, 674, 50, 50, 1.0]
[525, 607, 52, 52, 1.0]
[331, 590, 60, 60, 1.0]
