12_Group_Group_12_Group_Group_12_666.jpg
39
[536, 81, 27, 27, 1.0]
[403, 53, 28, 28, 1.0]
[717, 82, 28, 28, 1.0]
[698, 43, 26, 26, 1.0]
[352, 30, 26, 26, 1.0]
[106, 44, 28, 28, 1.0]
[240, 46, 27, 27, 1.0]
[268, 69, 25, 25, 1.0]
[676, 70, 27, 27, 1.0]
[268, 22, 26, 26, 1.0]
[186, 47, 26, 26, 1.0]
[754, 56, 28, 28, 1.0]
[382, 51, 26, 26, 1.0]
[448, 61, 27, 27, 1.0]
[911, 94, 27, 27, 1.0]
[336, 63, 28, 28, 1.0]
[480, 88, 28, 28, 1.0]
[43, 61, 33, 33, 1.0]
[647, 70, 29, 29, 1.0]
[174, 72, 32, 32, 1.0]
[588, 77, 26, 26, 1.0]
[946, 118, 29, 29, 1.0]
[300, 54, 28, 28, 1.0]
[616, 56, 28, 28, 1.0]
[465, 155, 27, 27, 1.0]
[790, 153, 28, 28, 1.0]
[310, 156, 26, 26, 1.0]
[842, 163, 28, 28, 1.0]
[540, 150, 29, 29, 1.0]
[724, 181, 37, 37, 1.0]
[463, 192, 32, 32, 1.0]
[799, 208, 29, 29, 1.0]
[650, 211, 30, 30, 1.0]
[156, 198, 30, 30, 1.0]
[556, 215, 30, 30, 1.0]
[108, 206, 37, 37, 1.0]
[489, 260, 31, 31, 1.0]
[395, 274, 25, 25, 1.0]
[344, 277, 28, 28, 1.0]
