12_Group_Large_Group_12_Group_Large_Group_12_403.jpg
27
[552, 193, 29, 29, 1.0]
[415, 215, 27, 27, 1.0]
[680, 200, 29, 29, 1.0]
[368, 221, 30, 30, 1.0]
[286, 183, 35, 35, 1.0]
[511, 225, 32, 32, 1.0]
[629, 198, 29, 29, 1.0]
[470, 206, 31, 31, 1.0]
[570, 205, 36, 36, 1.0]
[796, 200, 37, 37, 1.0]
[861, 227, 34, 34, 1.0]
[87, 187, 40, 40, 1.0]
[483, 231, 35, 35, 1.0]
[316, 281, 48, 48, 1.0]
[463, 314, 34, 34, 1.0]
[692, 332, 37, 37, 1.0]
[375, 315, 43, 43, 1.0]
[890, 358, 40, 40, 1.0]
[717, 465, 37, 37, 1.0]
[636, 473, 36, 36, 1.0]
[514, 452, 43, 43, 1.0]
[881, 456, 37, 37, 1.0]
[476, 523, 47, 47, 1.0]
[19, 428, 85, 85, 1.0]
[606, 553, 41, 41, 1.0]
[894, 523, 55, 55, 1.0]
[950, 518, 52, 52, 1.0]
