12_Group_Team_Organized_Group_12_Group_Team_Organized_Group_12_366.jpg
28
[525, 93, 38, 38, 1.0]
[389, 59, 41, 41, 1.0]
[302, 65, 47, 47, 1.0]
[438, 66, 43, 43, 1.0]
[152, 65, 51, 51, 1.0]
[687, 31, 48, 48, 1.0]
[53, 75, 52, 52, 1.0]
[234, 64, 47, 47, 1.0]
[733, 50, 52, 52, 1.0]
[910, 45, 54, 54, 1.0]
[658, 75, 52, 52, 1.0]
[549, 66, 47, 47, 1.0]
[831, 63, 52, 52, 1.0]
[596, 52, 63, 63, 1.0]
[483, 155, 45, 45, 1.0]
[557, 172, 53, 53, 1.0]
[930, 167, 56, 56, 1.0]
[460, 206, 55, 55, 1.0]
[601, 208, 54, 54, 1.0]
[404, 192, 47, 47, 1.0]
[674, 212, 59, 59, 1.0]
[381, 168, 98, 98, 1.0]
[315, 272, 60, 60, 1.0]
[395, 277, 54, 54, 1.0]
[551, 291, 56, 56, 1.0]
[145, 276, 66, 66, 1.0]
[528, 352, 60, 60, 1.0]
[387, 325, 159, 159, 1.0]
