12_Group_Large_Group_12_Group_Large_Group_12_241.jpg
23
[701, 161, 35, 35, 1.0]
[515, 161, 38, 38, 1.0]
[247, 168, 45, 45, 1.0]
[369, 171, 36, 36, 1.0]
[644, 180, 39, 39, 1.0]
[571, 188, 31, 31, 1.0]
[296, 176, 34, 34, 1.0]
[408, 193, 35, 35, 1.0]
[428, 237, 34, 34, 1.0]
[539, 237, 36, 36, 1.0]
[466, 204, 32, 32, 1.0]
[285, 220, 42, 42, 1.0]
[340, 209, 35, 35, 1.0]
[713, 199, 48, 48, 1.0]
[576, 226, 43, 43, 1.0]
[784, 190, 42, 42, 1.0]
[358, 244, 50, 50, 1.0]
[182, 246, 59, 59, 1.0]
[726, 258, 46, 46, 1.0]
[504, 295, 40, 40, 1.0]
[471, 270, 46, 46, 1.0]
[47, 173, 65, 65, 1.0]
[446, 343, 52, 52, 1.0]
