12_Group_Team_Organized_Group_12_Group_Team_Organized_Group_12_829.jpg
27
[304, 71, 36, 36, 1.0]
[558, 56, 38, 38, 1.0]
[473, 62, 40, 40, 1.0]
[937, 32, 49, 49, 1.0]
[697, 71, 38, 38, 1.0]
[211, 74, 38, 38, 1.0]
[397, 53, 36, 36, 1.0]
[316, 121, 48, 48, 1.0]
[648, 74, 46, 46, 1.0]
[854, 62, 44, 44, 1.0]
[797, 131, 50, 50, 1.0]
[438, 124, 51, 51, 1.0]
[284, 209, 52, 52, 1.0]
[634, 190, 54, 54, 1.0]
[860, 233, 53, 53, 1.0]
[395, 188, 50, 50, 1.0]
[62, 211, 108, 108, 1.0]
[688, 269, 64, 64, 1.0]
[211, 280, 56, 56, 1.0]
[467, 279, 54, 54, 1.0]
[875, 343, 61, 61, 1.0]
[323, 312, 52, 52, 1.0]
[75, 296, 55, 55, 1.0]
[969, 267, 54, 54, 1.0]
[588, 281, 60, 60, 1.0]
[552, 519, 48, 48, 1.0]
[511, 560, 30, 30, 1.0]
