12_Group_Team_Organized_Group_12_Group_Team_Organized_Group_12_605.jpg
33
[509, 197, 30, 30, 1.0]
[623, 185, 32, 32, 1.0]
[776, 207, 34, 34, 1.0]
[278, 220, 31, 31, 1.0]
[697, 220, 33, 33, 1.0]
[358, 210, 33, 33, 1.0]
[436, 207, 34, 34, 1.0]
[198, 289, 36, 36, 1.0]
[854, 211, 34, 34, 1.0]
[193, 234, 33, 33, 1.0]
[562, 204, 34, 34, 1.0]
[292, 279, 32, 32, 1.0]
[396, 277, 34, 34, 1.0]
[485, 278, 33, 33, 1.0]
[658, 275, 33, 33, 1.0]
[750, 274, 35, 35, 1.0]
[123, 267, 32, 32, 1.0]
[574, 271, 35, 35, 1.0]
[866, 270, 36, 36, 1.0]
[338, 349, 33, 33, 1.0]
[932, 338, 43, 43, 1.0]
[420, 343, 42, 42, 1.0]
[522, 350, 44, 44, 1.0]
[626, 347, 43, 43, 1.0]
[240, 360, 34, 34, 1.0]
[732, 354, 39, 39, 1.0]
[829, 357, 40, 40, 1.0]
[39, 360, 39, 39, 1.0]
[146, 367, 36, 36, 1.0]
[722, 417, 63, 63, 1.0]
[688, 443, 127, 127, 1.0]
[354, 552, 60, 60, 1.0]
[437, 557, 105, 105, 1.0]
