12_Group_Group_12_Group_Group_12_262.jpg
31
[450, 160, 66, 66, 1.0]
[597, 183, 64, 64, 1.0]
[266, 166, 65, 65, 1.0]
[134, 189, 65, 65, 1.0]
[349, 167, 64, 64, 1.0]
[55, 185, 63, 63, 1.0]
[290, 213, 88, 88, 1.0]
[263, 346, 67, 67, 1.0]
[454, 367, 68, 68, 1.0]
[487, 315, 57, 57, 1.0]
[116, 363, 62, 62, 1.0]
[128, 279, 69, 69, 1.0]
[351, 283, 68, 68, 1.0]
[125, 345, 97, 97, 1.0]
[413, 459, 65, 65, 1.0]
[551, 420, 69, 69, 1.0]
[342, 473, 74, 74, 1.0]
[146, 426, 81, 81, 1.0]
[561, 527, 69, 69, 1.0]
[221, 568, 75, 75, 1.0]
[370, 562, 80, 80, 1.0]
[542, 616, 70, 70, 1.0]
[621, 629, 83, 83, 1.0]
[649, 739, 78, 78, 1.0]
[188, 680, 97, 97, 1.0]
[404, 690, 84, 84, 1.0]
[212, 807, 99, 99, 1.0]
[680, 840, 78, 78, 1.0]
[539, 783, 90, 90, 1.0]
[738, 877, 89, 89, 1.0]
[331, 837, 86, 86, 1.0]
