12_Group_Group_12_Group_Group_12_82.jpg
23
[580, 108, 35, 35, 1.0]
[375, 161, 37, 37, 1.0]
[596, 170, 37, 37, 1.0]
[651, 112, 38, 38, 1.0]
[428, 95, 33, 33, 1.0]
[500, 101, 41, 41, 1.0]
[354, 100, 33, 33, 1.0]
[480, 158, 42, 42, 1.0]
[799, 155, 54, 54, 1.0]
[259, 163, 44, 44, 1.0]
[654, 165, 43, 43, 1.0]
[305, 170, 36, 36, 1.0]
[734, 187, 45, 45, 1.0]
[423, 190, 46, 46, 1.0]
[260, 97, 38, 38, 1.0]
[190, 189, 44, 44, 1.0]
[131, 168, 43, 43, 1.0]
[478, 257, 58, 58, 1.0]
[190, 256, 54, 54, 1.0]
[365, 274, 53, 53, 1.0]
[605, 275, 47, 47, 1.0]
[808, 334, 65, 65, 1.0]
[825, 514, 53, 53, 1.0]
