12_Group_Team_Organized_Group_12_Group_Team_Organized_Group_12_484.jpg
22
[669, 110, 65, 65, 1.0]
[307, 166, 34, 34, 1.0]
[488, 163, 37, 37, 1.0]
[199, 154, 39, 39, 1.0]
[752, 181, 39, 39, 1.0]
[660, 185, 36, 36, 1.0]
[843, 198, 36, 36, 1.0]
[295, 237, 52, 52, 1.0]
[399, 169, 35, 35, 1.0]
[577, 159, 38, 38, 1.0]
[836, 169, 46, 46, 1.0]
[35, 238, 45, 45, 1.0]
[512, 245, 52, 52, 1.0]
[189, 257, 45, 45, 1.0]
[96, 256, 54, 54, 1.0]
[401, 260, 52, 52, 1.0]
[624, 265, 47, 47, 1.0]
[731, 277, 45, 45, 1.0]
[843, 280, 50, 50, 1.0]
[939, 293, 33, 33, 1.0]
[850, 317, 26, 26, 1.0]
[480, 399, 105, 105, 1.0]
