12_Group_Team_Organized_Group_12_Group_Team_Organized_Group_12_379.jpg
38
[549, 9, 59, 59, 1.0]
[773, 1, 54, 54, 1.0]
[708, 31, 60, 60, 1.0]
[354, 9, 57, 57, 1.0]
[453, 56, 65, 65, 1.0]
[614, 61, 59, 59, 1.0]
[904, 42, 64, 64, 1.0]
[55, 58, 64, 64, 1.0]
[363, 106, 65, 65, 1.0]
[842, 69, 60, 60, 1.0]
[278, 63, 64, 64, 1.0]
[629, 144, 67, 67, 1.0]
[177, 72, 60, 60, 1.0]
[488, 145, 68, 68, 1.0]
[735, 124, 70, 70, 1.0]
[209, 175, 66, 66, 1.0]
[345, 146, 96, 96, 1.0]
[386, 225, 45, 45, 1.0]
[510, 238, 69, 69, 1.0]
[852, 211, 69, 69, 1.0]
[948, 173, 68, 68, 1.0]
[753, 236, 82, 82, 1.0]
[63, 212, 76, 76, 1.0]
[287, 205, 81, 81, 1.0]
[142, 260, 73, 73, 1.0]
[403, 278, 83, 83, 1.0]
[382, 277, 76, 76, 1.0]
[904, 277, 96, 96, 1.0]
[9, 292, 91, 91, 1.0]
[620, 287, 89, 89, 1.0]
[204, 310, 87, 87, 1.0]
[346, 377, 83, 83, 1.0]
[486, 366, 112, 112, 1.0]
[821, 385, 78, 78, 1.0]
[195, 430, 85, 85, 1.0]
[45, 430, 95, 95, 1.0]
[691, 487, 91, 91, 1.0]
[705, 562, 62, 62, 1.0]
