12_Group_Group_12_Group_Group_12_591.jpg
20
[4, 134, 26, 26, 1.0]
[481, 135, 33, 33, 1.0]
[382, 150, 30, 30, 1.0]
[299, 152, 30, 30, 1.0]
[375, 116, 83, 83, 1.0]
[837, 153, 37, 37, 1.0]
[574, 159, 32, 32, 1.0]
[661, 164, 32, 32, 1.0]
[929, 168, 33, 33, 1.0]
[283, 195, 51, 51, 1.0]
[104, 225, 33, 33, 1.0]
[639, 132, 77, 77, 1.0]
[228, 234, 41, 41, 1.0]
[859, 237, 30, 30, 1.0]
[673, 254, 27, 27, 1.0]
[775, 247, 30, 30, 1.0]
[67, 295, 29, 29, 1.0]
[360, 257, 31, 31, 1.0]
[364, 244, 36, 36, 1.0]
[123, 319, 63, 63, 1.0]
