12_Group_Large_Group_12_Group_Large_Group_12_119.jpg
19
[478, 144, 44, 44, 1.0]
[628, 138, 50, 50, 1.0]
[374, 163, 47, 47, 1.0]
[748, 173, 49, 49, 1.0]
[512, 196, 51, 51, 1.0]
[244, 202, 48, 48, 1.0]
[416, 211, 43, 43, 1.0]
[599, 214, 39, 39, 1.0]
[166, 155, 64, 64, 1.0]
[313, 203, 50, 50, 1.0]
[141, 228, 53, 53, 1.0]
[641, 307, 42, 42, 1.0]
[484, 302, 44, 44, 1.0]
[360, 294, 57, 57, 1.0]
[662, 344, 51, 51, 1.0]
[248, 306, 59, 59, 1.0]
[603, 375, 35, 35, 1.0]
[226, 244, 172, 172, 1.0]
[515, 584, 54, 54, 1.0]
