12_Group_Team_Organized_Group_12_Group_Team_Organized_Group_12_438.jpg
21
[430, 213, 45, 45, 1.0]
[811, 222, 40, 40, 1.0]
[203, 230, 36, 36, 1.0]
[852, 249, 43, 43, 1.0]
[884, 257, 37, 37, 1.0]
[506, 235, 40, 40, 1.0]
[549, 236, 43, 43, 1.0]
[13, 237, 46, 46, 1.0]
[247, 236, 44, 44, 1.0]
[334, 232, 53, 53, 1.0]
[940, 249, 45, 45, 1.0]
[92, 290, 41, 41, 1.0]
[622, 273, 46, 46, 1.0]
[808, 276, 44, 44, 1.0]
[739, 281, 41, 41, 1.0]
[681, 253, 52, 52, 1.0]
[135, 271, 46, 46, 1.0]
[422, 281, 48, 48, 1.0]
[174, 330, 60, 60, 1.0]
[308, 255, 98, 98, 1.0]
[321, 290, 103, 103, 1.0]
