12_Group_Group_12_Group_Group_12_6.jpg
22
[68, 19, 63, 63, 1.0]
[843, 38, 58, 58, 1.0]
[606, 78, 57, 57, 1.0]
[229, 54, 60, 60, 1.0]
[480, 72, 60, 60, 1.0]
[714, 77, 55, 55, 1.0]
[333, 150, 74, 74, 1.0]
[354, 67, 63, 63, 1.0]
[334, 180, 69, 69, 1.0]
[881, 190, 72, 72, 1.0]
[468, 197, 63, 63, 1.0]
[736, 199, 59, 59, 1.0]
[92, 220, 60, 60, 1.0]
[214, 228, 56, 56, 1.0]
[622, 238, 58, 58, 1.0]
[618, 257, 60, 60, 1.0]
[288, 362, 73, 73, 1.0]
[76, 358, 75, 75, 1.0]
[463, 365, 73, 73, 1.0]
[703, 369, 64, 64, 1.0]
[909, 376, 74, 74, 1.0]
[278, 549, 77, 77, 1.0]
