12_Group_Group_12_Group_Group_12_166.jpg
63
[502, 219, 24, 24, 1.0]
[551, 261, 26, 26, 1.0]
[570, 242, 26, 26, 1.0]
[460, 273, 25, 25, 1.0]
[676, 284, 25, 25, 1.0]
[178, 274, 25, 25, 1.0]
[376, 245, 24, 24, 1.0]
[506, 289, 26, 26, 1.0]
[282, 248, 25, 25, 1.0]
[335, 278, 26, 26, 1.0]
[566, 292, 26, 26, 1.0]
[793, 248, 26, 26, 1.0]
[400, 280, 26, 26, 1.0]
[876, 250, 26, 26, 1.0]
[626, 295, 26, 26, 1.0]
[800, 294, 26, 26, 1.0]
[874, 282, 27, 27, 1.0]
[200, 300, 26, 26, 1.0]
[301, 301, 26, 26, 1.0]
[432, 311, 26, 26, 1.0]
[944, 303, 26, 26, 1.0]
[376, 303, 27, 27, 1.0]
[841, 313, 28, 28, 1.0]
[730, 306, 26, 26, 1.0]
[226, 318, 28, 28, 1.0]
[376, 335, 29, 29, 1.0]
[701, 324, 27, 27, 1.0]
[767, 324, 26, 26, 1.0]
[269, 326, 24, 24, 1.0]
[100, 327, 25, 25, 1.0]
[43, 346, 29, 29, 1.0]
[300, 346, 29, 29, 1.0]
[576, 328, 26, 26, 1.0]
[648, 328, 26, 26, 1.0]
[909, 328, 26, 26, 1.0]
[475, 331, 30, 30, 1.0]
[789, 354, 27, 27, 1.0]
[522, 354, 29, 29, 1.0]
[599, 362, 28, 28, 1.0]
[439, 362, 30, 30, 1.0]
[126, 365, 28, 28, 1.0]
[885, 370, 30, 30, 1.0]
[221, 375, 28, 28, 1.0]
[308, 395, 29, 29, 1.0]
[687, 397, 26, 26, 1.0]
[221, 403, 28, 28, 1.0]
[555, 404, 30, 30, 1.0]
[173, 410, 28, 28, 1.0]
[382, 408, 28, 28, 1.0]
[789, 409, 28, 28, 1.0]
[461, 408, 31, 31, 1.0]
[787, 326, 62, 62, 1.0]
[871, 442, 32, 32, 1.0]
[642, 426, 30, 30, 1.0]
[495, 473, 30, 30, 1.0]
[745, 437, 29, 29, 1.0]
[404, 450, 30, 30, 1.0]
[334, 427, 32, 32, 1.0]
[662, 473, 33, 33, 1.0]
[824, 465, 33, 33, 1.0]
[577, 496, 31, 31, 1.0]
[493, 505, 26, 26, 1.0]
[760, 516, 31, 31, 1.0]
