12_Group_Group_12_Group_Group_12_120.jpg
30
[551, 72, 31, 31, 1.0]
[747, 55, 36, 36, 1.0]
[593, 94, 33, 33, 1.0]
[801, 56, 45, 45, 1.0]
[399, 38, 37, 37, 1.0]
[251, 31, 51, 51, 1.0]
[481, 52, 40, 40, 1.0]
[187, 55, 49, 49, 1.0]
[314, 139, 50, 50, 1.0]
[558, 145, 42, 42, 1.0]
[663, 123, 49, 49, 1.0]
[642, 70, 34, 34, 1.0]
[377, 104, 50, 50, 1.0]
[839, 138, 51, 51, 1.0]
[731, 102, 46, 46, 1.0]
[449, 156, 45, 45, 1.0]
[229, 107, 53, 53, 1.0]
[304, 77, 42, 42, 1.0]
[887, 150, 56, 56, 1.0]
[85, 164, 62, 62, 1.0]
[740, 183, 61, 61, 1.0]
[209, 193, 52, 52, 1.0]
[339, 196, 53, 53, 1.0]
[583, 200, 57, 57, 1.0]
[471, 217, 49, 49, 1.0]
[228, 67, 94, 94, 1.0]
[131, 396, 32, 32, 1.0]
[722, 562, 46, 46, 1.0]
[724, 529, 53, 53, 1.0]
[640, 519, 101, 101, 1.0]
