12_Group_Group_12_Group_Group_12_157.jpg
23
[573, 130, 32, 32, 1.0]
[337, 117, 27, 27, 1.0]
[521, 122, 28, 28, 1.0]
[659, 121, 27, 27, 1.0]
[453, 146, 26, 26, 1.0]
[755, 165, 30, 30, 1.0]
[883, 168, 28, 28, 1.0]
[302, 196, 27, 27, 1.0]
[408, 200, 30, 30, 1.0]
[135, 186, 31, 31, 1.0]
[170, 223, 31, 31, 1.0]
[376, 222, 32, 32, 1.0]
[461, 244, 29, 29, 1.0]
[895, 214, 29, 29, 1.0]
[681, 215, 27, 27, 1.0]
[108, 268, 30, 30, 1.0]
[290, 254, 28, 28, 1.0]
[783, 275, 29, 29, 1.0]
[349, 294, 29, 29, 1.0]
[524, 286, 46, 46, 1.0]
[460, 295, 32, 32, 1.0]
[554, 253, 34, 34, 1.0]
[581, 292, 36, 36, 1.0]
