12_Group_Large_Group_12_Group_Large_Group_12_231.jpg
21
[934, 128, 64, 64, 1.0]
[511, 194, 43, 43, 1.0]
[430, 208, 41, 41, 1.0]
[945, 178, 58, 58, 1.0]
[771, 206, 56, 56, 1.0]
[346, 220, 49, 49, 1.0]
[674, 194, 73, 73, 1.0]
[579, 249, 36, 36, 1.0]
[971, 266, 46, 46, 1.0]
[141, 264, 52, 52, 1.0]
[286, 265, 48, 48, 1.0]
[662, 310, 52, 52, 1.0]
[261, 325, 52, 52, 1.0]
[403, 285, 57, 57, 1.0]
[366, 346, 38, 38, 1.0]
[532, 350, 46, 46, 1.0]
[87, 300, 56, 56, 1.0]
[347, 350, 89, 89, 1.0]
[494, 504, 59, 59, 1.0]
[282, 462, 68, 68, 1.0]
[734, 550, 75, 75, 1.0]
