12_Group_Large_Group_12_Group_Large_Group_12_44.jpg
24
[54, 3, 30, 30, 1.0]
[136, 40, 30, 30, 1.0]
[693, 135, 39, 39, 1.0]
[895, 22, 32, 32, 1.0]
[712, 28, 36, 36, 1.0]
[16, 60, 41, 41, 1.0]
[352, 37, 36, 36, 1.0]
[187, 69, 36, 36, 1.0]
[955, 78, 37, 37, 1.0]
[580, 73, 37, 37, 1.0]
[445, 116, 51, 51, 1.0]
[854, 79, 47, 47, 1.0]
[117, 187, 51, 51, 1.0]
[269, 207, 53, 53, 1.0]
[491, 234, 51, 51, 1.0]
[781, 267, 60, 60, 1.0]
[551, 368, 63, 63, 1.0]
[949, 400, 67, 67, 1.0]
[19, 403, 65, 65, 1.0]
[228, 423, 64, 64, 1.0]
[334, 579, 39, 39, 1.0]
[904, 571, 97, 97, 1.0]
[417, 600, 66, 66, 1.0]
[764, 586, 69, 69, 1.0]
