12_Group_Group_12_Group_Group_12_769.jpg
34
[650, 169, 28, 28, 1.0]
[612, 176, 27, 27, 1.0]
[729, 180, 27, 27, 1.0]
[866, 182, 27, 27, 1.0]
[794, 184, 26, 26, 1.0]
[164, 184, 28, 28, 1.0]
[687, 186, 28, 28, 1.0]
[283, 188, 27, 27, 1.0]
[129, 198, 27, 27, 1.0]
[420, 197, 27, 27, 1.0]
[766, 188, 28, 28, 1.0]
[842, 191, 26, 26, 1.0]
[389, 191, 27, 27, 1.0]
[103, 201, 25, 25, 1.0]
[455, 190, 28, 28, 1.0]
[218, 201, 26, 26, 1.0]
[654, 213, 30, 30, 1.0]
[259, 194, 29, 29, 1.0]
[554, 202, 27, 27, 1.0]
[484, 193, 28, 28, 1.0]
[246, 219, 27, 27, 1.0]
[588, 205, 29, 29, 1.0]
[190, 195, 27, 27, 1.0]
[457, 224, 28, 28, 1.0]
[9, 229, 29, 29, 1.0]
[119, 223, 30, 30, 1.0]
[517, 209, 28, 28, 1.0]
[319, 226, 27, 27, 1.0]
[726, 210, 27, 27, 1.0]
[390, 229, 27, 27, 1.0]
[798, 212, 28, 28, 1.0]
[181, 229, 29, 29, 1.0]
[67, 224, 31, 31, 1.0]
[505, 236, 51, 51, 1.0]
