12_Group_Group_12_Group_Group_12_452.jpg
20
[40, 96, 34, 34, 1.0]
[130, 40, 63, 63, 1.0]
[314, 68, 59, 59, 1.0]
[498, 65, 59, 59, 1.0]
[739, 111, 56, 56, 1.0]
[894, 59, 50, 50, 1.0]
[417, 128, 63, 63, 1.0]
[183, 123, 63, 63, 1.0]
[62, 375, 32, 32, 1.0]
[172, 435, 33, 33, 1.0]
[616, 455, 43, 43, 1.0]
[377, 432, 50, 50, 1.0]
[674, 469, 42, 42, 1.0]
[931, 551, 32, 32, 1.0]
[547, 464, 53, 53, 1.0]
[766, 488, 29, 29, 1.0]
[813, 491, 29, 29, 1.0]
[422, 576, 29, 29, 1.0]
[865, 497, 29, 29, 1.0]
[970, 582, 26, 26, 1.0]
