12_Group_Team_Organized_Group_12_Group_Team_Organized_Group_12_243.jpg
46
[947, 122, 28, 28, 1.0]
[434, 131, 29, 29, 1.0]
[354, 168, 29, 29, 1.0]
[716, 171, 31, 31, 1.0]
[347, 196, 26, 26, 1.0]
[440, 195, 27, 27, 1.0]
[772, 163, 34, 34, 1.0]
[586, 194, 29, 29, 1.0]
[178, 185, 26, 26, 1.0]
[415, 199, 27, 27, 1.0]
[654, 185, 26, 26, 1.0]
[151, 206, 27, 27, 1.0]
[474, 205, 27, 27, 1.0]
[879, 221, 29, 29, 1.0]
[745, 202, 31, 31, 1.0]
[455, 235, 29, 29, 1.0]
[57, 192, 32, 32, 1.0]
[493, 235, 29, 29, 1.0]
[110, 223, 29, 29, 1.0]
[209, 208, 28, 28, 1.0]
[499, 211, 25, 25, 1.0]
[525, 212, 28, 28, 1.0]
[45, 231, 27, 27, 1.0]
[407, 247, 29, 29, 1.0]
[300, 194, 28, 28, 1.0]
[555, 222, 30, 30, 1.0]
[676, 188, 33, 33, 1.0]
[619, 205, 29, 29, 1.0]
[805, 204, 32, 32, 1.0]
[588, 256, 33, 33, 1.0]
[944, 208, 35, 35, 1.0]
[200, 261, 55, 55, 1.0]
[362, 194, 64, 64, 1.0]
[471, 293, 28, 28, 1.0]
[171, 296, 29, 29, 1.0]
[102, 183, 81, 81, 1.0]
[362, 304, 32, 32, 1.0]
[555, 303, 32, 32, 1.0]
[212, 305, 29, 29, 1.0]
[445, 319, 28, 28, 1.0]
[272, 324, 28, 28, 1.0]
[505, 319, 28, 28, 1.0]
[153, 327, 29, 29, 1.0]
[621, 327, 31, 31, 1.0]
[772, 348, 33, 33, 1.0]
[931, 281, 65, 65, 1.0]
