12_Group_Large_Group_12_Group_Large_Group_12_166.jpg
37
[230, 133, 29, 29, 1.0]
[401, 150, 28, 28, 1.0]
[800, 139, 30, 30, 1.0]
[536, 158, 28, 28, 1.0]
[607, 166, 27, 27, 1.0]
[219, 119, 54, 54, 1.0]
[318, 159, 29, 29, 1.0]
[688, 171, 32, 32, 1.0]
[385, 181, 28, 28, 1.0]
[577, 181, 33, 33, 1.0]
[430, 185, 30, 30, 1.0]
[347, 191, 33, 33, 1.0]
[642, 193, 28, 28, 1.0]
[381, 231, 32, 32, 1.0]
[226, 204, 33, 33, 1.0]
[491, 183, 32, 32, 1.0]
[615, 234, 37, 37, 1.0]
[685, 209, 32, 32, 1.0]
[272, 190, 28, 28, 1.0]
[778, 216, 32, 32, 1.0]
[94, 226, 32, 32, 1.0]
[825, 237, 36, 36, 1.0]
[878, 239, 31, 31, 1.0]
[650, 240, 41, 41, 1.0]
[727, 270, 31, 31, 1.0]
[785, 271, 33, 33, 1.0]
[196, 270, 35, 35, 1.0]
[156, 251, 30, 30, 1.0]
[306, 252, 38, 38, 1.0]
[257, 256, 38, 38, 1.0]
[533, 288, 31, 31, 1.0]
[406, 247, 34, 34, 1.0]
[586, 307, 26, 26, 1.0]
[248, 293, 33, 33, 1.0]
[617, 306, 31, 31, 1.0]
[44, 368, 57, 57, 1.0]
[246, 552, 74, 74, 1.0]
