12_Group_Team_Organized_Group_12_Group_Team_Organized_Group_12_228.jpg
26
[491, 126, 29, 29, 1.0]
[792, 100, 32, 32, 1.0]
[278, 80, 30, 30, 1.0]
[237, 103, 31, 31, 1.0]
[447, 102, 32, 32, 1.0]
[693, 82, 34, 34, 1.0]
[372, 89, 28, 28, 1.0]
[622, 92, 27, 27, 1.0]
[319, 117, 30, 30, 1.0]
[526, 97, 29, 29, 1.0]
[569, 120, 29, 29, 1.0]
[735, 120, 27, 27, 1.0]
[653, 121, 32, 32, 1.0]
[839, 122, 29, 29, 1.0]
[144, 146, 35, 35, 1.0]
[234, 155, 38, 38, 1.0]
[244, 205, 30, 30, 1.0]
[167, 112, 33, 33, 1.0]
[156, 112, 32, 32, 1.0]
[668, 210, 29, 29, 1.0]
[425, 213, 27, 27, 1.0]
[584, 212, 31, 31, 1.0]
[344, 217, 29, 29, 1.0]
[764, 214, 31, 31, 1.0]
[500, 212, 32, 32, 1.0]
[251, 115, 77, 77, 1.0]
