12_Group_Group_12_Group_Group_12_208.jpg
24
[300, 165, 32, 32, 1.0]
[634, 154, 41, 41, 1.0]
[743, 128, 51, 51, 1.0]
[199, 131, 53, 53, 1.0]
[804, 127, 52, 52, 1.0]
[445, 142, 38, 38, 1.0]
[592, 144, 44, 44, 1.0]
[514, 150, 40, 40, 1.0]
[676, 147, 51, 51, 1.0]
[342, 138, 50, 50, 1.0]
[921, 119, 60, 60, 1.0]
[432, 190, 39, 39, 1.0]
[846, 174, 56, 56, 1.0]
[252, 153, 41, 41, 1.0]
[320, 257, 55, 55, 1.0]
[354, 375, 53, 53, 1.0]
[574, 319, 61, 61, 1.0]
[837, 343, 59, 59, 1.0]
[67, 359, 76, 76, 1.0]
[698, 406, 49, 49, 1.0]
[493, 400, 57, 57, 1.0]
[240, 397, 60, 60, 1.0]
[672, 411, 108, 108, 1.0]
[495, 462, 53, 53, 1.0]
