12_Group_Team_Organized_Group_12_Group_Team_Organized_Group_12_116.jpg
25
[302, 111, 32, 32, 1.0]
[637, 114, 32, 32, 1.0]
[446, 77, 36, 36, 1.0]
[167, 95, 36, 36, 1.0]
[509, 95, 34, 34, 1.0]
[238, 84, 36, 36, 1.0]
[598, 113, 31, 31, 1.0]
[715, 113, 37, 37, 1.0]
[130, 102, 40, 40, 1.0]
[545, 101, 37, 37, 1.0]
[789, 125, 39, 39, 1.0]
[860, 118, 38, 38, 1.0]
[930, 119, 43, 43, 1.0]
[78, 103, 44, 44, 1.0]
[336, 268, 30, 30, 1.0]
[595, 253, 30, 30, 1.0]
[771, 258, 37, 37, 1.0]
[866, 256, 37, 37, 1.0]
[929, 275, 39, 39, 1.0]
[133, 292, 43, 43, 1.0]
[406, 259, 36, 36, 1.0]
[214, 261, 40, 40, 1.0]
[483, 245, 38, 38, 1.0]
[663, 256, 39, 39, 1.0]
[510, 338, 82, 82, 1.0]
