12_Group_Large_Group_12_Group_Large_Group_12_37.jpg
37
[243, 58, 27, 27, 1.0]
[270, 47, 26, 26, 1.0]
[681, 58, 26, 26, 1.0]
[779, 35, 26, 26, 1.0]
[500, 47, 27, 27, 1.0]
[656, 62, 24, 24, 1.0]
[899, 72, 29, 29, 1.0]
[292, 63, 26, 26, 1.0]
[470, 49, 26, 26, 1.0]
[348, 65, 25, 25, 1.0]
[526, 49, 26, 26, 1.0]
[956, 77, 26, 26, 1.0]
[224, 77, 26, 26, 1.0]
[171, 65, 26, 26, 1.0]
[206, 44, 25, 25, 1.0]
[694, 79, 26, 26, 1.0]
[582, 54, 26, 26, 1.0]
[98, 84, 26, 26, 1.0]
[431, 55, 26, 26, 1.0]
[399, 66, 27, 27, 1.0]
[612, 87, 26, 26, 1.0]
[840, 88, 28, 28, 1.0]
[874, 69, 26, 26, 1.0]
[726, 57, 26, 26, 1.0]
[488, 159, 26, 26, 1.0]
[134, 150, 26, 26, 1.0]
[421, 162, 27, 27, 1.0]
[865, 169, 29, 29, 1.0]
[549, 172, 25, 25, 1.0]
[807, 173, 25, 25, 1.0]
[611, 172, 27, 27, 1.0]
[675, 174, 25, 25, 1.0]
[713, 186, 25, 25, 1.0]
[941, 194, 27, 27, 1.0]
[182, 150, 94, 94, 1.0]
[738, 205, 30, 30, 1.0]
[253, 244, 53, 53, 1.0]
