12_Group_Group_12_Group_Group_12_145.jpg
19
[303, 261, 31, 31, 1.0]
[673, 266, 28, 28, 1.0]
[377, 268, 32, 32, 1.0]
[459, 251, 36, 36, 1.0]
[556, 274, 30, 30, 1.0]
[793, 210, 56, 56, 1.0]
[412, 265, 33, 33, 1.0]
[105, 260, 35, 35, 1.0]
[134, 266, 41, 41, 1.0]
[586, 271, 32, 32, 1.0]
[213, 271, 33, 33, 1.0]
[623, 266, 38, 38, 1.0]
[754, 277, 31, 31, 1.0]
[496, 282, 32, 32, 1.0]
[259, 284, 33, 33, 1.0]
[887, 264, 41, 41, 1.0]
[344, 298, 32, 32, 1.0]
[687, 364, 56, 56, 1.0]
[430, 490, 33, 33, 1.0]
