12_Group_Group_12_Group_Group_12_379.jpg
33
[611, 112, 34, 34, 1.0]
[283, 112, 35, 35, 1.0]
[723, 130, 36, 36, 1.0]
[662, 124, 33, 33, 1.0]
[579, 135, 34, 34, 1.0]
[519, 111, 39, 39, 1.0]
[379, 114, 39, 39, 1.0]
[841, 114, 39, 39, 1.0]
[787, 103, 38, 38, 1.0]
[474, 116, 47, 47, 1.0]
[416, 98, 33, 33, 1.0]
[760, 154, 38, 38, 1.0]
[187, 100, 42, 42, 1.0]
[356, 155, 37, 37, 1.0]
[423, 151, 48, 48, 1.0]
[633, 178, 36, 36, 1.0]
[863, 168, 41, 41, 1.0]
[288, 166, 40, 40, 1.0]
[194, 241, 24, 24, 1.0]
[153, 186, 39, 39, 1.0]
[530, 165, 39, 39, 1.0]
[728, 217, 44, 44, 1.0]
[626, 226, 46, 46, 1.0]
[886, 226, 48, 48, 1.0]
[74, 228, 45, 45, 1.0]
[235, 232, 45, 45, 1.0]
[530, 235, 43, 43, 1.0]
[150, 242, 44, 44, 1.0]
[795, 243, 40, 40, 1.0]
[325, 240, 47, 47, 1.0]
[421, 245, 46, 46, 1.0]
[656, 239, 50, 50, 1.0]
[10, 373, 88, 88, 1.0]
