12_Group_Group_12_Group_Group_12_232.jpg
19
[663, 170, 45, 45, 1.0]
[416, 177, 49, 49, 1.0]
[525, 179, 43, 43, 1.0]
[707, 176, 49, 49, 1.0]
[582, 179, 52, 52, 1.0]
[361, 194, 45, 45, 1.0]
[209, 252, 48, 48, 1.0]
[837, 203, 50, 50, 1.0]
[444, 255, 52, 52, 1.0]
[298, 256, 51, 51, 1.0]
[274, 192, 48, 48, 1.0]
[474, 188, 51, 51, 1.0]
[373, 261, 51, 51, 1.0]
[505, 265, 54, 54, 1.0]
[607, 266, 55, 55, 1.0]
[900, 160, 81, 81, 1.0]
[736, 266, 57, 57, 1.0]
[816, 274, 51, 51, 1.0]
[542, 105, 77, 77, 1.0]
