12_Group_Large_Group_12_Group_Large_Group_12_314.jpg
27
[624, 131, 31, 31, 1.0]
[374, 134, 27, 27, 1.0]
[553, 112, 30, 30, 1.0]
[268, 139, 27, 27, 1.0]
[313, 152, 28, 28, 1.0]
[478, 172, 32, 32, 1.0]
[631, 170, 34, 34, 1.0]
[624, 3, 49, 49, 1.0]
[247, 218, 30, 30, 1.0]
[464, 217, 26, 26, 1.0]
[595, 222, 29, 29, 1.0]
[540, 239, 27, 27, 1.0]
[282, 211, 29, 29, 1.0]
[828, 225, 31, 31, 1.0]
[647, 226, 32, 32, 1.0]
[366, 230, 32, 32, 1.0]
[777, 234, 29, 29, 1.0]
[422, 280, 33, 33, 1.0]
[155, 222, 35, 35, 1.0]
[208, 308, 45, 45, 1.0]
[451, 322, 34, 34, 1.0]
[528, 212, 48, 48, 1.0]
[806, 329, 31, 31, 1.0]
[639, 332, 29, 29, 1.0]
[530, 335, 31, 31, 1.0]
[733, 328, 33, 33, 1.0]
[267, 330, 33, 33, 1.0]
