12_Group_Team_Organized_Group_12_Group_Team_Organized_Group_12_254.jpg
26
[187, 146, 26, 26, 1.0]
[763, 149, 29, 29, 1.0]
[160, 162, 26, 26, 1.0]
[342, 151, 25, 25, 1.0]
[702, 151, 28, 28, 1.0]
[417, 168, 26, 26, 1.0]
[240, 158, 25, 25, 1.0]
[558, 220, 28, 28, 1.0]
[489, 207, 28, 28, 1.0]
[394, 224, 25, 25, 1.0]
[332, 210, 27, 27, 1.0]
[290, 249, 26, 26, 1.0]
[583, 254, 27, 27, 1.0]
[499, 257, 28, 28, 1.0]
[722, 256, 30, 30, 1.0]
[372, 259, 29, 29, 1.0]
[324, 273, 31, 31, 1.0]
[441, 277, 29, 29, 1.0]
[279, 293, 33, 33, 1.0]
[490, 295, 27, 27, 1.0]
[567, 294, 27, 27, 1.0]
[642, 221, 186, 186, 1.0]
[380, 335, 27, 27, 1.0]
[351, 351, 29, 29, 1.0]
[552, 324, 91, 91, 1.0]
[372, 363, 55, 55, 1.0]
