12_Group_Team_Organized_Group_12_Group_Team_Organized_Group_12_186.jpg
44
[572, 113, 30, 30, 1.0]
[720, 141, 29, 29, 1.0]
[252, 145, 29, 29, 1.0]
[671, 155, 28, 28, 1.0]
[759, 154, 30, 30, 1.0]
[323, 156, 33, 33, 1.0]
[579, 155, 31, 31, 1.0]
[398, 147, 33, 33, 1.0]
[161, 145, 33, 33, 1.0]
[361, 157, 32, 32, 1.0]
[444, 162, 30, 30, 1.0]
[65, 155, 41, 41, 1.0]
[490, 162, 33, 33, 1.0]
[267, 195, 33, 33, 1.0]
[281, 167, 28, 28, 1.0]
[597, 187, 30, 30, 1.0]
[511, 194, 30, 30, 1.0]
[714, 174, 32, 32, 1.0]
[556, 196, 33, 33, 1.0]
[670, 193, 32, 32, 1.0]
[896, 194, 35, 35, 1.0]
[456, 190, 32, 32, 1.0]
[144, 190, 35, 35, 1.0]
[820, 198, 35, 35, 1.0]
[364, 194, 32, 32, 1.0]
[108, 173, 36, 36, 1.0]
[188, 176, 36, 36, 1.0]
[11, 180, 38, 38, 1.0]
[218, 202, 39, 39, 1.0]
[691, 218, 34, 34, 1.0]
[748, 224, 36, 36, 1.0]
[295, 271, 32, 32, 1.0]
[466, 309, 35, 35, 1.0]
[335, 312, 34, 34, 1.0]
[393, 369, 34, 34, 1.0]
[652, 370, 32, 32, 1.0]
[712, 354, 33, 33, 1.0]
[525, 344, 35, 35, 1.0]
[854, 326, 40, 40, 1.0]
[965, 342, 40, 40, 1.0]
[594, 362, 35, 35, 1.0]
[194, 356, 43, 43, 1.0]
[306, 382, 33, 33, 1.0]
[443, 393, 36, 36, 1.0]
