12_Group_Team_Organized_Group_12_Group_Team_Organized_Group_12_283.jpg
38
796 239 29 29 1.0
355 243 26 26 1.0
765 243 26 26 1.0
382 228 27 27 1.0
732 228 25 25 1.0
429 245 30 30 1.0
279 230 25 25 1.0
822 247 25 25 1.0
840 248 27 27 1.0
264 249 26 26 1.0
664 232 27 27 1.0
67 233 27 27 1.0
456 250 28 28 1.0
609 232 28 28 1.0
351 262 27 27 1.0
201 238 24 24 1.0
303 265 26 26 1.0
232 256 29 29 1.0
583 236 28 28 1.0
885 266 28 28 1.0
387 258 26 26 1.0
556 239 29 29 1.0
650 258 26 26 1.0
731 284 27 27 1.0
327 259 25 25 1.0
668 270 26 26 1.0
294 348 28 28 1.0
438 330 29 29 1.0
570 356 28 28 1.0
668 356 26 26 1.0
136 333 30 30 1.0
357 340 30 30 1.0
516 346 27 27 1.0
237 347 28 28 1.0
64 320 30 30 1.0
508 397 49 49 1.0
121 551 56 56 1.0
124 589 50 50 1.0
