12_Group_Group_12_Group_Group_12_905.jpg
27
[616, 145, 35, 35, 1.0]
[513, 148, 32, 32, 1.0]
[227, 154, 31, 31, 1.0]
[313, 157, 29, 29, 1.0]
[734, 160, 32, 32, 1.0]
[926, 242, 30, 30, 1.0]
[859, 247, 30, 30, 1.0]
[570, 250, 32, 32, 1.0]
[672, 254, 31, 31, 1.0]
[771, 252, 33, 33, 1.0]
[304, 267, 31, 31, 1.0]
[208, 270, 33, 33, 1.0]
[389, 270, 32, 32, 1.0]
[478, 276, 31, 31, 1.0]
[120, 279, 30, 30, 1.0]
[521, 326, 31, 31, 1.0]
[799, 325, 31, 31, 1.0]
[712, 328, 30, 30, 1.0]
[425, 328, 33, 33, 1.0]
[250, 330, 31, 31, 1.0]
[337, 329, 32, 32, 1.0]
[161, 332, 35, 35, 1.0]
[897, 335, 35, 35, 1.0]
[617, 339, 31, 31, 1.0]
[252, 354, 30, 30, 1.0]
[769, 383, 24, 24, 1.0]
[290, 229, 94, 94, 1.0]
