12_Group_Large_Group_12_Group_Large_Group_12_50.jpg
23
[581, 17, 32, 32, 1.0]
[656, 31, 39, 39, 1.0]
[434, 61, 59, 59, 1.0]
[758, 20, 54, 54, 1.0]
[903, 51, 50, 50, 1.0]
[249, 31, 54, 54, 1.0]
[26, 7, 50, 50, 1.0]
[755, 108, 55, 55, 1.0]
[193, 57, 103, 103, 1.0]
[74, 110, 68, 68, 1.0]
[435, 133, 68, 68, 1.0]
[259, 149, 56, 56, 1.0]
[927, 130, 69, 69, 1.0]
[717, 197, 63, 63, 1.0]
[13, 148, 131, 131, 1.0]
[603, 198, 52, 52, 1.0]
[877, 205, 69, 69, 1.0]
[930, 209, 62, 62, 1.0]
[306, 227, 75, 75, 1.0]
[488, 247, 75, 75, 1.0]
[828, 276, 77, 77, 1.0]
[708, 308, 69, 69, 1.0]
[935, 283, 72, 72, 1.0]
