12_Group_Group_12_Group_Group_12_562.jpg
24
[580, 34, 55, 55, 1.0]
[716, 117, 54, 54, 1.0]
[575, 142, 56, 56, 1.0]
[330, 114, 53, 53, 1.0]
[234, 55, 45, 45, 1.0]
[661, 93, 55, 55, 1.0]
[518, 68, 56, 56, 1.0]
[452, 54, 53, 53, 1.0]
[401, 58, 49, 49, 1.0]
[433, 99, 59, 59, 1.0]
[675, 49, 51, 51, 1.0]
[318, 169, 54, 54, 1.0]
[644, 171, 54, 54, 1.0]
[290, 57, 58, 58, 1.0]
[753, 184, 62, 62, 1.0]
[482, 154, 60, 60, 1.0]
[612, 239, 59, 59, 1.0]
[347, 236, 58, 58, 1.0]
[489, 225, 60, 60, 1.0]
[272, 279, 61, 61, 1.0]
[763, 279, 60, 60, 1.0]
[539, 256, 67, 67, 1.0]
[790, 375, 73, 73, 1.0]
[914, 505, 98, 98, 1.0]
