12_Group_Team_Organized_Group_12_Group_Team_Organized_Group_12_225.jpg
28
[287, 24, 25, 25, 1.0]
[800, 35, 26, 26, 1.0]
[741, 58, 26, 26, 1.0]
[767, 70, 27, 27, 1.0]
[801, 72, 27, 27, 1.0]
[520, 56, 25, 25, 1.0]
[661, 76, 26, 26, 1.0]
[449, 69, 27, 27, 1.0]
[35, 84, 25, 25, 1.0]
[902, 76, 26, 26, 1.0]
[98, 85, 26, 26, 1.0]
[713, 76, 28, 28, 1.0]
[496, 82, 28, 28, 1.0]
[138, 88, 25, 25, 1.0]
[78, 81, 30, 30, 1.0]
[307, 99, 25, 25, 1.0]
[224, 107, 27, 27, 1.0]
[930, 117, 30, 30, 1.0]
[462, 142, 27, 27, 1.0]
[630, 135, 28, 28, 1.0]
[314, 163, 28, 28, 1.0]
[428, 173, 26, 26, 1.0]
[640, 185, 26, 26, 1.0]
[346, 194, 26, 26, 1.0]
[377, 193, 26, 26, 1.0]
[111, 212, 27, 27, 1.0]
[231, 199, 28, 28, 1.0]
[289, 229, 28, 28, 1.0]
