12_Group_Large_Group_12_Group_Large_Group_12_230.jpg
49
[495, 480, 30, 30, 1.0]
[209, 398, 31, 31, 1.0]
[278, 407, 30, 30, 1.0]
[766, 420, 28, 28, 1.0]
[351, 453, 29, 29, 1.0]
[721, 455, 27, 27, 1.0]
[648, 385, 29, 29, 1.0]
[546, 404, 29, 29, 1.0]
[414, 412, 32, 32, 1.0]
[352, 787, 28, 28, 1.0]
[128, 801, 28, 28, 1.0]
[223, 806, 29, 29, 1.0]
[283, 807, 26, 26, 1.0]
[176, 810, 28, 28, 1.0]
[313, 817, 28, 28, 1.0]
[726, 833, 24, 24, 1.0]
[907, 839, 25, 25, 1.0]
[78, 845, 27, 27, 1.0]
[386, 849, 26, 26, 1.0]
[776, 571, 50, 50, 1.0]
[119, 535, 51, 51, 1.0]
[90, 175, 73, 73, 1.0]
[748, 475, 78, 78, 1.0]
[204, 1333, 27, 27, 1.0]
[355, 1348, 27, 27, 1.0]
[301, 1352, 26, 26, 1.0]
[139, 1354, 26, 26, 1.0]
[249, 1354, 27, 27, 1.0]
[404, 1364, 26, 26, 1.0]
[90, 1392, 26, 26, 1.0]
[450, 1395, 26, 26, 1.0]
[48, 1415, 29, 29, 1.0]
[394, 1416, 61, 61, 1.0]
[314, 2130, 29, 29, 1.0]
[851, 2095, 29, 29, 1.0]
[773, 2132, 34, 34, 1.0]
[356, 1948, 108, 108, 1.0]
[469, 2550, 190, 190, 1.0]
[100, 2706, 31, 31, 1.0]
[227, 2664, 28, 28, 1.0]
[255, 2675, 30, 30, 1.0]
[330, 2710, 30, 30, 1.0]
[151, 2710, 30, 30, 1.0]
[386, 2715, 28, 28, 1.0]
[185, 2731, 28, 28, 1.0]
[298, 2734, 30, 30, 1.0]
[246, 2740, 31, 31, 1.0]
[828, 2159, 87, 87, 1.0]
[183, 2790, 48, 48, 1.0]
