12_Group_Group_12_Group_Group_12_17.jpg
20
[408, 113, 59, 59, 1.0]
[282, 144, 56, 56, 1.0]
[682, 151, 54, 54, 1.0]
[561, 126, 50, 50, 1.0]
[177, 152, 54, 54, 1.0]
[433, 193, 51, 51, 1.0]
[654, 254, 54, 54, 1.0]
[324, 208, 52, 52, 1.0]
[768, 235, 52, 52, 1.0]
[187, 237, 54, 54, 1.0]
[541, 229, 57, 57, 1.0]
[404, 295, 61, 61, 1.0]
[133, 286, 61, 61, 1.0]
[265, 279, 62, 62, 1.0]
[561, 303, 55, 55, 1.0]
[677, 306, 58, 58, 1.0]
[372, 425, 108, 108, 1.0]
[212, 464, 144, 144, 1.0]
[223, 642, 53, 53, 1.0]
[905, 552, 72, 72, 1.0]
