12_Group_Team_Organized_Group_12_Group_Team_Organized_Group_12_555.jpg
24
[264, 277, 26, 26, 1.0]
[186, 264, 36, 36, 1.0]
[396, 289, 34, 34, 1.0]
[705, 294, 27, 27, 1.0]
[319, 289, 40, 40, 1.0]
[785, 293, 35, 35, 1.0]
[452, 298, 39, 39, 1.0]
[548, 317, 32, 32, 1.0]
[827, 325, 32, 32, 1.0]
[639, 332, 31, 31, 1.0]
[162, 347, 37, 37, 1.0]
[472, 361, 36, 36, 1.0]
[603, 337, 35, 35, 1.0]
[192, 322, 39, 39, 1.0]
[106, 331, 40, 40, 1.0]
[324, 372, 33, 33, 1.0]
[376, 339, 36, 36, 1.0]
[745, 428, 32, 32, 1.0]
[242, 313, 45, 45, 1.0]
[562, 376, 34, 34, 1.0]
[516, 295, 77, 77, 1.0]
[286, 429, 52, 52, 1.0]
[805, 460, 32, 32, 1.0]
[177, 555, 26, 26, 1.0]
