12_Group_Group_12_Group_Group_12_307.jpg
22
[278, 97, 52, 52, 1.0]
[391, 95, 54, 54, 1.0]
[466, 29, 50, 50, 1.0]
[676, 137, 45, 45, 1.0]
[855, 140, 52, 52, 1.0]
[526, 105, 51, 51, 1.0]
[565, 185, 54, 54, 1.0]
[871, 195, 51, 51, 1.0]
[197, 150, 54, 54, 1.0]
[572, 231, 41, 41, 1.0]
[136, 171, 60, 60, 1.0]
[792, 237, 51, 51, 1.0]
[673, 199, 55, 55, 1.0]
[304, 217, 57, 57, 1.0]
[726, 207, 52, 52, 1.0]
[761, 162, 66, 66, 1.0]
[451, 202, 59, 59, 1.0]
[9, 186, 70, 70, 1.0]
[850, 259, 98, 98, 1.0]
[521, 261, 165, 165, 1.0]
[214, 502, 50, 50, 1.0]
[303, 542, 90, 90, 1.0]
