12_Group_Team_Organized_Group_12_Group_Team_Organized_Group_12_248.jpg
27
[217, 43, 51, 51, 1.0]
[494, 43, 48, 48, 1.0]
[330, 19, 54, 54, 1.0]
[388, 93, 56, 56, 1.0]
[475, 96, 55, 55, 1.0]
[621, 97, 54, 54, 1.0]
[434, 61, 53, 53, 1.0]
[526, 79, 63, 63, 1.0]
[111, 118, 55, 55, 1.0]
[787, 99, 56, 56, 1.0]
[333, 131, 48, 48, 1.0]
[287, 144, 57, 57, 1.0]
[160, 159, 58, 58, 1.0]
[237, 126, 51, 51, 1.0]
[868, 133, 61, 61, 1.0]
[662, 119, 59, 59, 1.0]
[71, 189, 58, 58, 1.0]
[596, 166, 61, 61, 1.0]
[467, 177, 58, 58, 1.0]
[367, 181, 65, 65, 1.0]
[777, 170, 70, 70, 1.0]
[242, 201, 62, 62, 1.0]
[301, 253, 63, 63, 1.0]
[444, 255, 64, 64, 1.0]
[127, 257, 68, 68, 1.0]
[616, 256, 65, 65, 1.0]
[311, 300, 54, 54, 1.0]
