12_Group_Group_12_Group_Group_12_376.jpg
48
[261, 64, 26, 26, 1.0]
[241, 97, 26, 26, 1.0]
[103, 49, 26, 26, 1.0]
[388, 79, 31, 31, 1.0]
[683, 69, 26, 26, 1.0]
[435, 44, 24, 24, 1.0]
[635, 83, 27, 27, 1.0]
[994, 69, 26, 26, 1.0]
[619, 53, 25, 25, 1.0]
[775, 101, 27, 27, 1.0]
[16, 53, 27, 27, 1.0]
[136, 73, 28, 28, 1.0]
[915, 87, 27, 27, 1.0]
[6, 88, 31, 31, 1.0]
[814, 57, 26, 26, 1.0]
[669, 105, 29, 29, 1.0]
[67, 59, 28, 28, 1.0]
[980, 103, 31, 31, 1.0]
[475, 60, 25, 25, 1.0]
[603, 108, 27, 27, 1.0]
[505, 90, 31, 31, 1.0]
[178, 110, 29, 29, 1.0]
[79, 116, 29, 29, 1.0]
[332, 88, 35, 35, 1.0]
[726, 92, 34, 34, 1.0]
[413, 109, 35, 35, 1.0]
[539, 130, 30, 30, 1.0]
[866, 119, 34, 34, 1.0]
[16, 154, 38, 38, 1.0]
[238, 131, 41, 41, 1.0]
[717, 145, 39, 39, 1.0]
[592, 145, 41, 41, 1.0]
[66, 172, 47, 47, 1.0]
[538, 171, 51, 51, 1.0]
[941, 139, 50, 50, 1.0]
[266, 177, 46, 46, 1.0]
[658, 171, 60, 60, 1.0]
[373, 178, 53, 53, 1.0]
[780, 214, 43, 43, 1.0]
[885, 223, 47, 47, 1.0]
[133, 224, 54, 54, 1.0]
[244, 249, 59, 59, 1.0]
[481, 258, 58, 58, 1.0]
[77, 272, 55, 55, 1.0]
[821, 250, 65, 65, 1.0]
[754, 284, 58, 58, 1.0]
[942, 301, 55, 55, 1.0]
[590, 274, 64, 64, 1.0]
