12_Group_Team_Organized_Group_12_Group_Team_Organized_Group_12_92.jpg
33
[215, 90, 25, 25, 1.0]
[67, 126, 29, 29, 1.0]
[528, 145, 27, 27, 1.0]
[412, 139, 26, 26, 1.0]
[284, 140, 29, 29, 1.0]
[285, 176, 28, 28, 1.0]
[380, 152, 26, 26, 1.0]
[179, 152, 26, 26, 1.0]
[312, 166, 26, 26, 1.0]
[341, 154, 25, 25, 1.0]
[617, 166, 27, 27, 1.0]
[477, 178, 27, 27, 1.0]
[518, 177, 26, 26, 1.0]
[66, 177, 30, 30, 1.0]
[707, 168, 26, 26, 1.0]
[819, 181, 26, 26, 1.0]
[862, 171, 30, 30, 1.0]
[410, 210, 31, 31, 1.0]
[979, 186, 31, 31, 1.0]
[683, 231, 29, 29, 1.0]
[637, 239, 27, 27, 1.0]
[360, 245, 27, 27, 1.0]
[388, 242, 29, 29, 1.0]
[510, 264, 26, 26, 1.0]
[814, 289, 31, 31, 1.0]
[443, 295, 26, 26, 1.0]
[318, 295, 29, 29, 1.0]
[423, 273, 29, 29, 1.0]
[373, 299, 29, 29, 1.0]
[579, 297, 28, 28, 1.0]
[292, 306, 28, 28, 1.0]
[434, 295, 60, 60, 1.0]
[470, 384, 58, 58, 1.0]
