12_Group_Large_Group_12_Group_Large_Group_12_253.jpg
34
[285, 37, 81, 81, 1.0]
[393, 200, 28, 28, 1.0]
[764, 202, 28, 28, 1.0]
[328, 202, 27, 27, 1.0]
[154, 213, 28, 28, 1.0]
[556, 204, 30, 30, 1.0]
[258, 219, 27, 27, 1.0]
[858, 222, 26, 26, 1.0]
[632, 226, 29, 29, 1.0]
[498, 212, 26, 26, 1.0]
[679, 239, 27, 27, 1.0]
[793, 233, 29, 29, 1.0]
[892, 242, 27, 27, 1.0]
[706, 248, 29, 29, 1.0]
[761, 260, 26, 26, 1.0]
[932, 261, 29, 29, 1.0]
[405, 237, 34, 34, 1.0]
[83, 244, 33, 33, 1.0]
[296, 228, 31, 31, 1.0]
[352, 227, 37, 37, 1.0]
[852, 249, 43, 43, 1.0]
[39, 267, 34, 34, 1.0]
[156, 263, 43, 43, 1.0]
[607, 325, 28, 28, 1.0]
[675, 323, 36, 36, 1.0]
[478, 362, 46, 46, 1.0]
[653, 386, 34, 34, 1.0]
[876, 389, 31, 31, 1.0]
[968, 390, 38, 38, 1.0]
[757, 375, 29, 29, 1.0]
[20, 439, 35, 35, 1.0]
[240, 402, 39, 39, 1.0]
[128, 417, 47, 47, 1.0]
[536, 382, 63, 63, 1.0]
