12_Group_Group_12_Group_Group_12_921.jpg
24
[213, 237, 31, 31, 1.0]
[250, 239, 26, 26, 1.0]
[475, 236, 28, 28, 1.0]
[851, 240, 28, 28, 1.0]
[671, 244, 31, 31, 1.0]
[345, 245, 30, 30, 1.0]
[422, 245, 30, 30, 1.0]
[530, 247, 28, 28, 1.0]
[758, 250, 28, 28, 1.0]
[151, 251, 28, 28, 1.0]
[377, 227, 30, 30, 1.0]
[270, 255, 29, 29, 1.0]
[593, 260, 27, 27, 1.0]
[89, 352, 33, 33, 1.0]
[176, 369, 28, 28, 1.0]
[329, 367, 34, 34, 1.0]
[487, 373, 34, 34, 1.0]
[808, 233, 30, 30, 1.0]
[830, 372, 37, 37, 1.0]
[242, 379, 31, 31, 1.0]
[404, 383, 33, 33, 1.0]
[749, 382, 34, 34, 1.0]
[575, 381, 30, 30, 1.0]
[660, 371, 37, 37, 1.0]
