12_Group_Team_Organized_Group_12_Group_Team_Organized_Group_12_361.jpg
24
[765, 222, 29, 29, 1.0]
[480, 234, 27, 27, 1.0]
[663, 236, 28, 28, 1.0]
[554, 250, 27, 27, 1.0]
[326, 250, 28, 28, 1.0]
[592, 250, 28, 28, 1.0]
[739, 254, 29, 29, 1.0]
[220, 252, 34, 34, 1.0]
[691, 259, 25, 25, 1.0]
[442, 263, 28, 28, 1.0]
[484, 267, 27, 27, 1.0]
[358, 243, 30, 30, 1.0]
[288, 250, 30, 30, 1.0]
[879, 277, 30, 30, 1.0]
[633, 260, 30, 30, 1.0]
[934, 268, 38, 38, 1.0]
[560, 371, 28, 28, 1.0]
[607, 372, 28, 28, 1.0]
[482, 380, 30, 30, 1.0]
[660, 383, 29, 29, 1.0]
[329, 390, 32, 32, 1.0]
[737, 400, 31, 31, 1.0]
[867, 408, 34, 34, 1.0]
[809, 417, 33, 33, 1.0]
