17_Ceremony_Ceremony_17_75.jpg
23
[334, 178, 34, 34, 1.0]
[560, 191, 30, 30, 1.0]
[379, 200, 34, 34, 1.0]
[227, 170, 42, 42, 1.0]
[863, 206, 36, 36, 1.0]
[584, 212, 34, 34, 1.0]
[735, 214, 33, 33, 1.0]
[792, 214, 35, 35, 1.0]
[656, 196, 38, 38, 1.0]
[456, 207, 33, 33, 1.0]
[129, 193, 42, 42, 1.0]
[296, 207, 39, 39, 1.0]
[642, 305, 37, 37, 1.0]
[512, 218, 39, 39, 1.0]
[326, 287, 45, 45, 1.0]
[230, 297, 37, 37, 1.0]
[888, 185, 54, 54, 1.0]
[143, 304, 39, 39, 1.0]
[538, 305, 40, 40, 1.0]
[427, 310, 39, 39, 1.0]
[740, 325, 41, 41, 1.0]
[841, 341, 53, 53, 1.0]
[455, 594, 70, 70, 1.0]
