17_Ceremony_Ceremony_17_53.jpg
34
[678, 262, 26, 26, 1.0]
[792, 260, 26, 26, 1.0]
[116, 269, 26, 26, 1.0]
[200, 260, 26, 26, 1.0]
[513, 294, 26, 26, 1.0]
[489, 269, 27, 27, 1.0]
[164, 296, 25, 25, 1.0]
[237, 295, 26, 26, 1.0]
[584, 272, 25, 25, 1.0]
[275, 296, 31, 31, 1.0]
[768, 276, 25, 25, 1.0]
[562, 300, 25, 25, 1.0]
[587, 300, 27, 27, 1.0]
[79, 312, 26, 26, 1.0]
[457, 309, 28, 28, 1.0]
[643, 281, 26, 26, 1.0]
[255, 334, 28, 28, 1.0]
[704, 313, 25, 25, 1.0]
[835, 301, 26, 26, 1.0]
[481, 334, 28, 28, 1.0]
[547, 333, 29, 29, 1.0]
[340, 303, 27, 27, 1.0]
[608, 333, 28, 28, 1.0]
[128, 317, 27, 27, 1.0]
[800, 338, 30, 30, 1.0]
[780, 320, 27, 27, 1.0]
[197, 340, 29, 29, 1.0]
[391, 320, 27, 27, 1.0]
[745, 321, 27, 27, 1.0]
[217, 326, 25, 25, 1.0]
[856, 350, 25, 25, 1.0]
[670, 328, 27, 27, 1.0]
[915, 328, 30, 30, 1.0]
[315, 331, 29, 29, 1.0]
