17_Ceremony_Ceremony_17_112.jpg
22
[849, 152, 35, 35, 1.0]
[170, 160, 38, 38, 1.0]
[673, 168, 34, 34, 1.0]
[573, 183, 32, 32, 1.0]
[321, 183, 36, 36, 1.0]
[468, 240, 40, 40, 1.0]
[494, 173, 36, 36, 1.0]
[758, 173, 35, 35, 1.0]
[406, 174, 36, 36, 1.0]
[725, 241, 40, 40, 1.0]
[821, 241, 43, 43, 1.0]
[383, 243, 45, 45, 1.0]
[553, 246, 40, 40, 1.0]
[896, 245, 39, 39, 1.0]
[104, 239, 48, 48, 1.0]
[205, 246, 48, 48, 1.0]
[249, 182, 34, 34, 1.0]
[642, 248, 40, 40, 1.0]
[296, 257, 39, 39, 1.0]
[394, 455, 25, 25, 1.0]
[715, 453, 36, 36, 1.0]
[440, 456, 57, 57, 1.0]
