17_Ceremony_Ceremony_17_62.jpg
23
[359, 87, 24, 24, 1.0]
[686, 80, 28, 28, 1.0]
[563, 141, 55, 55, 1.0]
[215, 294, 26, 26, 1.0]
[792, 270, 24, 24, 1.0]
[72, 316, 26, 26, 1.0]
[423, 292, 29, 29, 1.0]
[664, 321, 27, 27, 1.0]
[709, 324, 26, 26, 1.0]
[114, 276, 26, 26, 1.0]
[650, 194, 58, 58, 1.0]
[538, 339, 26, 26, 1.0]
[404, 342, 26, 26, 1.0]
[379, 378, 27, 27, 1.0]
[45, 387, 26, 26, 1.0]
[210, 389, 26, 26, 1.0]
[678, 410, 26, 26, 1.0]
[475, 469, 25, 25, 1.0]
[896, 421, 31, 31, 1.0]
[645, 444, 53, 53, 1.0]
[357, 311, 83, 83, 1.0]
[948, 474, 72, 72, 1.0]
[889, 534, 61, 61, 1.0]
