61_Street_Battle_streetfight_61_252.jpg
22
[522, 108, 28, 28, 1.0]
[312, 130, 33, 33, 1.0]
[291, 140, 30, 30, 1.0]
[373, 136, 37, 37, 1.0]
[698, 179, 50, 50, 1.0]
[134, 130, 38, 38, 1.0]
[439, 300, 58, 58, 1.0]
[527, 425, 30, 30, 1.0]
[646, 350, 81, 81, 1.0]
[306, 360, 66, 66, 1.0]
[688, 109, 87, 87, 1.0]
[623, 352, 68, 68, 1.0]
[209, 459, 37, 37, 1.0]
[627, 460, 33, 33, 1.0]
[854, 428, 37, 37, 1.0]
[388, 535, 32, 32, 1.0]
[741, 577, 30, 30, 1.0]
[505, 584, 28, 28, 1.0]
[417, 545, 42, 42, 1.0]
[498, 576, 48, 48, 1.0]
[753, 689, 56, 56, 1.0]
[199, 707, 48, 48, 1.0]
