61_Street_Battle_streetfight_61_108.jpg
33
[13, 93, 29, 29, 1.0]
[895, 0, 26, 26, 1.0]
[666, 118, 27, 27, 1.0]
[41, 99, 29, 29, 1.0]
[254, 100, 27, 27, 1.0]
[917, 6, 26, 26, 1.0]
[822, 126, 26, 26, 1.0]
[834, 10, 26, 26, 1.0]
[653, 30, 26, 26, 1.0]
[774, 13, 27, 27, 1.0]
[291, 89, 31, 31, 1.0]
[873, 21, 24, 24, 1.0]
[986, 20, 26, 26, 1.0]
[756, 123, 28, 28, 1.0]
[956, 133, 32, 32, 1.0]
[773, 145, 32, 32, 1.0]
[914, 135, 40, 40, 1.0]
[696, 114, 38, 38, 1.0]
[979, 172, 34, 34, 1.0]
[797, 174, 37, 37, 1.0]
[827, 174, 38, 38, 1.0]
[513, 123, 51, 51, 1.0]
[929, 177, 35, 35, 1.0]
[712, 164, 36, 36, 1.0]
[745, 165, 37, 37, 1.0]
[619, 157, 38, 38, 1.0]
[37, 143, 50, 50, 1.0]
[197, 157, 48, 48, 1.0]
[127, 144, 53, 53, 1.0]
[764, 212, 34, 34, 1.0]
[880, 190, 37, 37, 1.0]
[788, 234, 33, 33, 1.0]
[502, 384, 59, 59, 1.0]
