52_Photographers_photographertakingphoto_52_164.jpg
23
[320, 228, 31, 31, 1.0]
[380, 231, 28, 28, 1.0]
[108, 260, 32, 32, 1.0]
[268, 263, 28, 28, 1.0]
[250, 200, 34, 34, 1.0]
[222, 271, 32, 32, 1.0]
[329, 274, 31, 31, 1.0]
[390, 277, 27, 27, 1.0]
[452, 340, 32, 32, 1.0]
[291, 315, 31, 31, 1.0]
[203, 303, 45, 45, 1.0]
[390, 318, 31, 31, 1.0]
[342, 321, 32, 32, 1.0]
[50, 320, 42, 42, 1.0]
[146, 313, 34, 34, 1.0]
[265, 357, 33, 33, 1.0]
[153, 381, 28, 28, 1.0]
[75, 373, 38, 38, 1.0]
[495, 372, 35, 35, 1.0]
[393, 386, 35, 35, 1.0]
[210, 436, 30, 30, 1.0]
[329, 437, 33, 33, 1.0]
[662, 484, 61, 61, 1.0]
