13_Interview_Interview_Sequences_13_214.jpg
24
[488, 118, 51, 51, 1.0]
[42, 336, 25, 25, 1.0]
[943, 347, 28, 28, 1.0]
[989, 372, 29, 29, 1.0]
[579, 380, 24, 24, 1.0]
[528, 383, 26, 26, 1.0]
[342, 383, 26, 26, 1.0]
[200, 394, 24, 24, 1.0]
[239, 398, 25, 25, 1.0]
[328, 403, 26, 26, 1.0]
[732, 393, 25, 25, 1.0]
[321, 425, 26, 26, 1.0]
[354, 444, 27, 27, 1.0]
[318, 496, 25, 25, 1.0]
[918, 530, 26, 26, 1.0]
[849, 537, 27, 27, 1.0]
[935, 557, 26, 26, 1.0]
[868, 515, 26, 26, 1.0]
[264, 601, 24, 24, 1.0]
[678, 602, 25, 25, 1.0]
[999, 682, 24, 24, 1.0]
[202, 671, 26, 26, 1.0]
[622, 674, 26, 26, 1.0]
[907, 675, 24, 24, 1.0]
