13_Interview_Interview_2_People_Visible_13_445.jpg
43
[14, 26, 27, 27, 1.0]
[70, 26, 27, 27, 1.0]
[751, 23, 29, 29, 1.0]
[962, 151, 60, 60, 1.0]
[961, 94, 61, 61, 1.0]
[960, 37, 62, 62, 1.0]
[416, 180, 189, 189, 1.0]
[0, 268, 58, 58, 1.0]
[961, 262, 62, 62, 1.0]
[0, 381, 58, 58, 1.0]
[656, 461, 29, 29, 1.0]
[964, 491, 58, 58, 1.0]
[1, 777, 57, 57, 1.0]
[0, 662, 60, 60, 1.0]
[0, 606, 60, 60, 1.0]
[459, 796, 98, 98, 1.0]
[2, 721, 56, 56, 1.0]
[457, 631, 109, 109, 1.0]
[1, 942, 60, 60, 1.0]
[0, 886, 62, 62, 1.0]
[2, 1000, 61, 61, 1.0]
[966, 886, 57, 57, 1.0]
[983, 1205, 29, 29, 1.0]
[4, 1168, 58, 58, 1.0]
[983, 1262, 28, 28, 1.0]
[1, 1224, 60, 60, 1.0]
[912, 1278, 61, 61, 1.0]
[815, 1318, 27, 27, 1.0]
[872, 1318, 26, 26, 1.0]
[984, 1317, 28, 28, 1.0]
[415, 1319, 29, 29, 1.0]
[286, 1282, 57, 57, 1.0]
[401, 1281, 55, 55, 1.0]
[456, 1281, 58, 58, 1.0]
[513, 1279, 58, 58, 1.0]
[685, 1281, 56, 56, 1.0]
[742, 1281, 57, 57, 1.0]
[855, 1279, 58, 58, 1.0]
[173, 1282, 56, 56, 1.0]
[2, 1111, 60, 60, 1.0]
[2, 1279, 60, 60, 1.0]
[229, 1281, 59, 59, 1.0]
[627, 1280, 58, 58, 1.0]
