13_Interview_Interview_On_Location_13_1.jpg
21
[873, 32, 35, 35, 1.0]
[774, 187, 50, 50, 1.0]
[389, 44, 52, 52, 1.0]
[146, 26, 54, 54, 1.0]
[144, 42, 59, 59, 1.0]
[254, 102, 77, 77, 1.0]
[655, 221, 46, 46, 1.0]
[821, 335, 57, 57, 1.0]
[374, 164, 174, 174, 1.0]
[325, 234, 56, 56, 1.0]
[935, 369, 53, 53, 1.0]
[935, 396, 80, 80, 1.0]
[550, 859, 26, 26, 1.0]
[700, 856, 32, 32, 1.0]
[781, 626, 52, 52, 1.0]
[831, 828, 80, 80, 1.0]
[786, 826, 195, 195, 1.0]
[242, 1019, 63, 63, 1.0]
[245, 1118, 66, 66, 1.0]
[304, 1074, 74, 74, 1.0]
[362, 1084, 98, 98, 1.0]
