13_Interview_Interview_On_Location_13_695.jpg
36
[531, 117, 36, 36, 1.0]
[883, 124, 35, 35, 1.0]
[118, 120, 41, 41, 1.0]
[9, 199, 27, 27, 1.0]
[225, 204, 28, 28, 1.0]
[338, 208, 30, 30, 1.0]
[582, 200, 37, 37, 1.0]
[740, 216, 33, 33, 1.0]
[450, 195, 43, 43, 1.0]
[835, 202, 46, 46, 1.0]
[610, 200, 54, 54, 1.0]
[785, 213, 44, 44, 1.0]
[522, 269, 31, 31, 1.0]
[697, 280, 30, 30, 1.0]
[416, 331, 42, 42, 1.0]
[45, 330, 48, 48, 1.0]
[118, 338, 37, 37, 1.0]
[303, 339, 40, 40, 1.0]
[192, 344, 36, 36, 1.0]
[237, 338, 50, 50, 1.0]
[466, 349, 57, 57, 1.0]
[760, 337, 54, 54, 1.0]
[372, 411, 36, 36, 1.0]
[953, 483, 50, 50, 1.0]
[568, 485, 33, 33, 1.0]
[70, 486, 30, 30, 1.0]
[895, 481, 36, 36, 1.0]
[514, 492, 34, 34, 1.0]
[834, 554, 42, 42, 1.0]
[505, 579, 33, 33, 1.0]
[64, 549, 46, 46, 1.0]
[668, 546, 50, 50, 1.0]
[405, 563, 45, 45, 1.0]
[223, 568, 54, 54, 1.0]
[160, 543, 56, 56, 1.0]
[609, 474, 65, 65, 1.0]
