13_Interview_Interview_Sequences_13_62.jpg
19
[529, 86, 207, 207, 1.0]
[482, 295, 47, 47, 1.0]
[244, 295, 49, 49, 1.0]
[575, 308, 47, 47, 1.0]
[356, 318, 52, 52, 1.0]
[663, 331, 49, 49, 1.0]
[298, 365, 52, 52, 1.0]
[412, 360, 50, 50, 1.0]
[627, 390, 53, 53, 1.0]
[176, 331, 56, 56, 1.0]
[514, 335, 53, 53, 1.0]
[742, 338, 51, 51, 1.0]
[391, 435, 56, 56, 1.0]
[473, 458, 57, 57, 1.0]
[683, 448, 58, 58, 1.0]
[508, 302, 84, 84, 1.0]
[145, 467, 82, 82, 1.0]
[485, 515, 45, 45, 1.0]
[735, 487, 65, 65, 1.0]
