10_People_Marching_People_Marching_2_647.jpg
27
[413, 134, 25, 25, 1.0]
[243, 137, 24, 24, 1.0]
[333, 134, 26, 26, 1.0]
[662, 138, 27, 27, 1.0]
[148, 139, 27, 27, 1.0]
[580, 140, 25, 25, 1.0]
[854, 146, 27, 27, 1.0]
[66, 150, 26, 26, 1.0]
[754, 150, 26, 26, 1.0]
[952, 161, 26, 26, 1.0]
[484, 188, 30, 30, 1.0]
[283, 191, 26, 26, 1.0]
[581, 192, 25, 25, 1.0]
[178, 199, 28, 28, 1.0]
[86, 205, 27, 27, 1.0]
[911, 214, 28, 28, 1.0]
[520, 262, 29, 29, 1.0]
[372, 269, 29, 29, 1.0]
[462, 268, 32, 32, 1.0]
[765, 268, 28, 28, 1.0]
[646, 268, 30, 30, 1.0]
[118, 270, 29, 29, 1.0]
[892, 282, 28, 28, 1.0]
[595, 290, 31, 31, 1.0]
[91, 456, 28, 28, 1.0]
[119, 424, 81, 81, 1.0]
[471, 454, 79, 79, 1.0]
