10_People_Marching_People_Marching_2_479.jpg
25
[441, 93, 31, 31, 1.0]
[841, 125, 29, 29, 1.0]
[626, 125, 30, 30, 1.0]
[70, 112, 29, 29, 1.0]
[683, 126, 33, 33, 1.0]
[137, 114, 31, 31, 1.0]
[208, 119, 32, 32, 1.0]
[759, 117, 34, 34, 1.0]
[546, 121, 32, 32, 1.0]
[348, 101, 32, 32, 1.0]
[331, 136, 34, 34, 1.0]
[272, 107, 32, 32, 1.0]
[115, 132, 35, 35, 1.0]
[35, 135, 34, 34, 1.0]
[172, 141, 31, 31, 1.0]
[576, 142, 33, 33, 1.0]
[926, 143, 28, 28, 1.0]
[496, 145, 36, 36, 1.0]
[408, 146, 35, 35, 1.0]
[718, 146, 33, 33, 1.0]
[865, 149, 41, 41, 1.0]
[649, 155, 30, 30, 1.0]
[780, 161, 34, 34, 1.0]
[262, 152, 31, 31, 1.0]
[940, 152, 35, 35, 1.0]
