10_People_Marching_People_Marching_10_People_Marching_People_Marching_10_69.jpg
24
231 353 27 27 1.0
730 414 24 24 1.0
355 454 25 25 1.0
650 457 27 27 1.0
158 512 25 25 1.0
533 465 26 26 1.0
604 552 26 26 1.0
626 494 25 25 1.0
866 541 25 25 1.0
714 542 26 26 1.0
945 474 28 28 1.0
488 545 26 26 1.0
508 564 26 26 1.0
99 566 25 25 1.0
741 574 31 31 1.0
930 576 25 25 1.0
879 576 27 27 1.0
48 594 29 29 1.0
388 594 27 27 1.0
298 604 26 26 1.0
208 606 26 26 1.0
118 617 26 26 1.0
600 660 26 26 1.0
240 604 80 80 1.0
