10_People_Marching_People_Marching_10_People_Marching_People_Marching_10_People_Marching_People_Marching_10_26.jpg
18
[103, 144, 27, 27, 1.0]
[190, 118, 45, 45, 1.0]
[889, 97, 63, 63, 1.0]
[599, 36, 336, 336, 1.0]
[789, 187, 52, 52, 1.0]
[831, 250, 45, 45, 1.0]
[254, 254, 52, 52, 1.0]
[811, 354, 28, 28, 1.0]
[56, 333, 61, 61, 1.0]
[589, 404, 72, 72, 1.0]
[221, 357, 68, 68, 1.0]
[406, 358, 72, 72, 1.0]
[853, 418, 58, 58, 1.0]
[945, 370, 76, 76, 1.0]
[273, 408, 77, 77, 1.0]
[751, 488, 124, 124, 1.0]
[419, 502, 81, 81, 1.0]
[683, 569, 95, 95, 1.0]
