16_Award_Ceremony_Awards_Ceremony_16_55.jpg
26
[13, 19, 32, 32, 1.0]
[591, 120, 33, 33, 1.0]
[724, 122, 34, 34, 1.0]
[36, 30, 57, 57, 1.0]
[643, 124, 33, 33, 1.0]
[174, 130, 31, 31, 1.0]
[765, 156, 28, 28, 1.0]
[136, 177, 30, 30, 1.0]
[202, 185, 34, 34, 1.0]
[144, 132, 34, 34, 1.0]
[934, 147, 34, 34, 1.0]
[452, 196, 35, 35, 1.0]
[815, 144, 36, 36, 1.0]
[886, 144, 35, 35, 1.0]
[409, 186, 30, 30, 1.0]
[499, 191, 36, 36, 1.0]
[690, 177, 33, 33, 1.0]
[621, 179, 33, 33, 1.0]
[353, 218, 30, 30, 1.0]
[843, 200, 33, 33, 1.0]
[297, 211, 30, 30, 1.0]
[926, 218, 34, 34, 1.0]
[897, 260, 26, 26, 1.0]
[309, 376, 38, 38, 1.0]
[4, 420, 28, 28, 1.0]
[842, 423, 32, 32, 1.0]
