29_Students_Schoolkids_Students_Schoolkids_29_345.jpg
20
[204, 385, 27, 27, 1.0]
[173, 376, 24, 24, 1.0]
[369, 471, 27, 27, 1.0]
[425, 506, 28, 28, 1.0]
[264, 512, 30, 30, 1.0]
[452, 528, 27, 27, 1.0]
[524, 525, 27, 27, 1.0]
[314, 530, 31, 31, 1.0]
[211, 559, 38, 38, 1.0]
[494, 536, 26, 26, 1.0]
[448, 576, 30, 30, 1.0]
[497, 575, 29, 29, 1.0]
[261, 573, 32, 32, 1.0]
[354, 575, 36, 36, 1.0]
[395, 609, 38, 38, 1.0]
[474, 610, 38, 38, 1.0]
[245, 616, 40, 40, 1.0]
[546, 626, 36, 36, 1.0]
[665, 641, 54, 54, 1.0]
[416, 725, 40, 40, 1.0]
