29_Students_Schoolkids_Students_Schoolkids_29_417.jpg
20
[722, 315, 29, 29, 1.0]
[264, 325, 27, 27, 1.0]
[514, 330, 27, 27, 1.0]
[458, 352, 28, 28, 1.0]
[656, 359, 29, 29, 1.0]
[538, 363, 27, 27, 1.0]
[599, 363, 27, 27, 1.0]
[379, 368, 27, 27, 1.0]
[398, 343, 28, 28, 1.0]
[264, 377, 28, 28, 1.0]
[316, 347, 30, 30, 1.0]
[721, 383, 27, 27, 1.0]
[543, 404, 28, 28, 1.0]
[845, 389, 36, 36, 1.0]
[574, 249, 118, 118, 1.0]
[482, 405, 32, 32, 1.0]
[596, 524, 32, 32, 1.0]
[541, 524, 34, 34, 1.0]
[471, 530, 33, 33, 1.0]
[714, 497, 46, 46, 1.0]
