29_Students_Schoolkids_Students_Schoolkids_29_793.jpg
21
[896, 275, 33, 33, 1.0]
[147, 277, 30, 30, 1.0]
[368, 281, 28, 28, 1.0]
[802, 282, 29, 29, 1.0]
[250, 285, 30, 30, 1.0]
[316, 310, 26, 26, 1.0]
[932, 318, 29, 29, 1.0]
[435, 300, 26, 26, 1.0]
[151, 334, 26, 26, 1.0]
[485, 336, 27, 27, 1.0]
[550, 337, 29, 29, 1.0]
[308, 342, 30, 30, 1.0]
[415, 344, 26, 26, 1.0]
[698, 342, 29, 29, 1.0]
[742, 343, 28, 28, 1.0]
[192, 345, 27, 27, 1.0]
[351, 431, 33, 33, 1.0]
[750, 459, 33, 33, 1.0]
[564, 447, 33, 33, 1.0]
[879, 461, 35, 35, 1.0]
[486, 449, 29, 29, 1.0]
