29_Students_Schoolkids_Students_Schoolkids_29_167.jpg
22
[79, 34, 50, 50, 1.0]
[920, 50, 66, 66, 1.0]
[631, 109, 48, 48, 1.0]
[495, 115, 50, 50, 1.0]
[151, 74, 58, 58, 1.0]
[231, 80, 55, 55, 1.0]
[341, 105, 49, 49, 1.0]
[413, 83, 55, 55, 1.0]
[289, 102, 54, 54, 1.0]
[573, 58, 60, 60, 1.0]
[710, 105, 51, 51, 1.0]
[691, 418, 40, 40, 1.0]
[791, 92, 61, 61, 1.0]
[407, 110, 65, 65, 1.0]
[302, 872, 28, 28, 1.0]
[291, 944, 26, 26, 1.0]
[424, 894, 31, 31, 1.0]
[439, 921, 32, 32, 1.0]
[902, 788, 83, 83, 1.0]
[264, 1274, 42, 42, 1.0]
[213, 1098, 112, 112, 1.0]
[561, 1290, 80, 80, 1.0]
