29_Students_Schoolkids_Students_Schoolkids_29_597.jpg
23
[482, 100, 26, 26, 1.0]
[121, 122, 30, 30, 1.0]
[389, 88, 26, 26, 1.0]
[810, 133, 29, 29, 1.0]
[200, 110, 28, 28, 1.0]
[891, 137, 28, 28, 1.0]
[706, 94, 40, 40, 1.0]
[605, 176, 28, 28, 1.0]
[522, 192, 29, 29, 1.0]
[290, 194, 28, 28, 1.0]
[481, 197, 30, 30, 1.0]
[584, 205, 32, 32, 1.0]
[856, 225, 35, 35, 1.0]
[945, 235, 34, 34, 1.0]
[881, 257, 39, 39, 1.0]
[399, 244, 38, 38, 1.0]
[914, 207, 32, 32, 1.0]
[452, 253, 53, 53, 1.0]
[160, 316, 60, 60, 1.0]
[332, 326, 53, 53, 1.0]
[15, 373, 78, 78, 1.0]
[909, 336, 65, 65, 1.0]
[916, 476, 86, 86, 1.0]
