29_Students_Schoolkids_Students_Schoolkids_29_453.jpg
27
[388, 168, 29, 29, 1.0]
[505, 159, 34, 34, 1.0]
[444, 183, 29, 29, 1.0]
[524, 195, 32, 32, 1.0]
[578, 196, 29, 29, 1.0]
[755, 194, 27, 27, 1.0]
[612, 224, 32, 32, 1.0]
[701, 223, 28, 28, 1.0]
[655, 234, 32, 32, 1.0]
[289, 215, 29, 29, 1.0]
[306, 255, 26, 26, 1.0]
[70, 196, 33, 33, 1.0]
[869, 206, 44, 44, 1.0]
[438, 250, 32, 32, 1.0]
[652, 289, 29, 29, 1.0]
[516, 298, 34, 34, 1.0]
[360, 298, 28, 28, 1.0]
[716, 280, 30, 30, 1.0]
[111, 270, 30, 30, 1.0]
[564, 290, 35, 35, 1.0]
[782, 294, 34, 34, 1.0]
[440, 301, 37, 37, 1.0]
[641, 327, 38, 38, 1.0]
[709, 333, 34, 34, 1.0]
[546, 347, 35, 35, 1.0]
[772, 345, 42, 42, 1.0]
[674, 364, 85, 85, 1.0]
