29_Students_Schoolkids_Students_Schoolkids_29_742.jpg
19
[796, 196, 28, 28, 1.0]
[681, 198, 29, 29, 1.0]
[872, 194, 28, 28, 1.0]
[723, 214, 28, 28, 1.0]
[606, 203, 27, 27, 1.0]
[290, 218, 28, 28, 1.0]
[442, 217, 26, 26, 1.0]
[758, 206, 27, 27, 1.0]
[388, 220, 26, 26, 1.0]
[908, 191, 30, 30, 1.0]
[515, 219, 29, 29, 1.0]
[55, 236, 28, 28, 1.0]
[559, 209, 28, 28, 1.0]
[316, 220, 26, 26, 1.0]
[464, 212, 27, 27, 1.0]
[173, 226, 27, 27, 1.0]
[119, 228, 27, 27, 1.0]
[782, 238, 56, 56, 1.0]
[859, 234, 63, 63, 1.0]
