50_Celebration_Or_Party_houseparty_50_23.jpg
19
[752, 140, 40, 40, 1.0]
[237, 142, 39, 39, 1.0]
[98, 179, 57, 57, 1.0]
[812, 190, 47, 47, 1.0]
[326, 228, 45, 45, 1.0]
[609, 229, 47, 47, 1.0]
[385, 268, 50, 50, 1.0]
[856, 269, 50, 50, 1.0]
[556, 283, 49, 49, 1.0]
[621, 291, 57, 57, 1.0]
[84, 249, 61, 61, 1.0]
[492, 318, 56, 56, 1.0]
[343, 328, 57, 57, 1.0]
[285, 423, 31, 31, 1.0]
[694, 351, 60, 60, 1.0]
[270, 333, 69, 69, 1.0]
[317, 421, 67, 67, 1.0]
[293, 336, 62, 62, 1.0]
[807, 467, 103, 103, 1.0]
