50_Celebration_Or_Party_houseparty_50_129.jpg
31
[84, 182, 24, 24, 1.0]
[34, 199, 24, 24, 1.0]
[257, 196, 26, 26, 1.0]
[326, 207, 28, 28, 1.0]
[607, 212, 24, 24, 1.0]
[838, 235, 24, 24, 1.0]
[614, 264, 26, 26, 1.0]
[169, 266, 26, 26, 1.0]
[536, 255, 26, 26, 1.0]
[286, 259, 28, 28, 1.0]
[473, 276, 27, 27, 1.0]
[330, 294, 30, 30, 1.0]
[811, 300, 28, 28, 1.0]
[682, 301, 29, 29, 1.0]
[727, 304, 29, 29, 1.0]
[421, 277, 27, 27, 1.0]
[366, 281, 26, 26, 1.0]
[830, 300, 33, 33, 1.0]
[529, 350, 27, 27, 1.0]
[428, 374, 32, 32, 1.0]
[728, 393, 32, 32, 1.0]
[277, 368, 38, 38, 1.0]
[947, 330, 61, 61, 1.0]
[131, 418, 43, 43, 1.0]
[762, 418, 42, 42, 1.0]
[345, 448, 32, 32, 1.0]
[962, 438, 45, 45, 1.0]
[745, 414, 53, 53, 1.0]
[53, 349, 175, 175, 1.0]
[305, 566, 54, 54, 1.0]
[656, 557, 49, 49, 1.0]
