50_Celebration_Or_Party_houseparty_50_176.jpg
26
[115, 150, 27, 27, 1.0]
[208, 77, 104, 104, 1.0]
[280, 177, 28, 28, 1.0]
[827, 214, 26, 26, 1.0]
[679, 218, 26, 26, 1.0]
[770, 231, 26, 26, 1.0]
[582, 213, 32, 32, 1.0]
[566, 241, 29, 29, 1.0]
[612, 239, 31, 31, 1.0]
[697, 243, 28, 28, 1.0]
[648, 246, 27, 27, 1.0]
[797, 250, 32, 32, 1.0]
[861, 226, 36, 36, 1.0]
[720, 263, 33, 33, 1.0]
[462, 256, 29, 29, 1.0]
[489, 231, 51, 51, 1.0]
[662, 272, 38, 38, 1.0]
[841, 274, 47, 47, 1.0]
[335, 348, 32, 32, 1.0]
[241, 386, 36, 36, 1.0]
[632, 387, 45, 45, 1.0]
[102, 374, 60, 60, 1.0]
[788, 425, 55, 55, 1.0]
[836, 464, 67, 67, 1.0]
[767, 444, 88, 88, 1.0]
[252, 565, 54, 54, 1.0]
